
timesteps:
2557

start_date:
"1994-1-1"

additional_timeseries:
"Discharge"
"Nitrate concentration"

index_set_dependencies:
"Discharge" : {"Reaches"}
"Nitrate concentration" : {"Reaches"}

inputs:

include_file "depositions.dat"

"Air temperature" :
-1.1
1.1
1.5
-0.9
-0.7
1.8
1.9
-0.1
2.4
2.7
1.8
4.3
3.9
4.1
0.6
0
1.1
2.2
3.4
5.1
8.5
5
3.1
5.5
4.1
4.2
3.4
1.7
3.9
3.9
4.7
4.9
1.9
0.9
3.3
3.3
2.7
1.3
2.5
4.5
2
2.5
3.1
-0.1
-0.4
-0.2
-0.3
-1.4
0.5
-0.7
-0.1
-1.8
-2.1
-1.7
1.8
-1
0.7
2
1.9
2.6
3.8
4.2
5.2
5.7
5.6
7.8
9.3
5.4
4.6
4.5
4.3
6.1
7
3.9
2
3.1
3.8
3.7
2.3
3.7
6.3
9
5.1
6.9
4.4
2.7
6.5
6.9
5.6
5.4
6.3
4.1
3.9
2.9
3.7
4.5
3.1
2.3
2.6
5.3
3.4
7.2
5.7
5.7
5.2
5.1
6.5
4.7
7.5
6.5
3.9
7.8
8.5
9.5
5.8
7.5
11.5
10.7
10.9
10.4
9.4
10.7
8.7
8.5
7.6
8.5
9.3
7.7
7.8
9.5
11.5
13.5
10.9
11.3
7.1
7.9
6.7
6.1
4.3
7.5
8.9
9.7
9.1
7.8
8.3
5.7
6.1
8.5
10
10.3
11.7
13
11.3
12.3
10.1
10.3
12.5
12.4
9.7
10.3
11.8
12.1
14.1
16.5
12.5
11.4
10.8
11.4
11.7
14.1
14.3
12.6
11.9
11.3
16.1
16
12.4
15.7
17.5
14.2
13.7
15.3
12.7
16.2
16
15.5
14.7
15.6
16.2
13.1
15.1
16
16.9
15.5
13.7
14.5
14.2
13.4
13
14.7
17.8
15.1
13.3
15.3
14.9
16.9
16.6
15.1
14.5
14.4
16.5
19.8
18.1
17.1
15.9
19.1
15.7
14.3
13.5
15.7
13.1
12
12.7
12.4
9.7
10.4
13.2
9.9
13.5
11.2
13.5
13.2
13.3
11.7
14.1
12.9
13.2
13.3
10.5
10.7
12.7
12.4
9.7
13.3
11.5
11.3
12.4
11.5
9.8
10.2
11.3
7.7
9.1
11.8
10.7
10.8
8.5
9.8
9.1
9.9
8.9
9.9
10.5
13.1
11.7
12.7
8.5
9.8
10.7
11.5
8.5
12.9
13.5
10.3
11.3
4.7
3.7
7.1
10.3
12.9
9.7
8.9
9.2
9.3
10.3
9.5
10.2
9.6
6.5
5.9
4.7
7.1
10
8.7
10.3
11.3
7.2
8.1
6.5
5.5
7.3
3.8
7.2
8.7
8.3
3.7
6.7
10.2
7.1
7
4.3
5.9
9.5
8.8
8.5
8.7
10.1
9.3
8.4
6.7
5.9
8.5
8.3
8.7
7.5
7.9
12.1
7.5
7.2
11.3
10.1
5.9
1.7
0.5
3.3
6.7
6.5
3.7
3.5
4.3
3.5
3.5
6.1
9.3
11.5
9.7
5.7
-0.8
2.3
4.5
5.7
3.3
2.4
1.7
-0.9
-0.5
1.2
6.5
5.4
3.5
1
5.3
4.5
5.1
1.3
-1.6
-1.6
-3.5
-0.6
4.5
4.3
4.3
5.1
6.7
3.9
0.3
2.3
3.7
7
3.1
3.7
2.5
1.7
1.1
1.8
1.5
2.7
2.9
3.8
0.7
-0.1
0.5
1
2.3
1.5
1.9
5.5
3.1
4.4
6.9
7.1
9.3
5.1
-0.1
-3.1
-2.3
3.7
4.5
4.5
5.7
5.7
4.7
4.3
4.2
4.7
3.1
3
3.7
3.9
1.9
3.1
1
4.7
7.3
2
0.9
-1.5
-1.5
1.9
2.5
1.1
1.1
3.1
5.5
7.3
3.5
6.8
6.1
1.1
2.1
4.1
3
2.9
2.3
2.9
5.3
7.5
7.4
5.1
6.7
1.4
0.1
1.7
6
9.5
10.8
10.9
9.9
5.7
7.6
10.1
10.9
4.9
5.5
11.3
10.5
8.2
10.3
9.3
9.6
8.1
7.6
3.3
3
4.3
5.4
3.3
8.4
6.1
7.5
6.1
4
4.7
4.3
8.3
13.9
13.7
15.9
14.6
14.1
11.9
12.1
10.9
7.9
6.9
3.5
4.9
4.3
6.3
5.5
3.7
5.8
5
7.4
9.3
8.6
11.6
12.9
9.9
11.9
12.1
13.7
13.2
12.7
13.1
11.4
11.3
11.7
11.5
10.7
9.7
12.3
11.1
9.7
12.5
9.8
11.5
10.8
10.9
12.8
11.6
10.3
13.3
11.9
14.1
15.3
12.5
16.1
14.1
15.9
16.2
15.5
16.1
15.9
18.1
14.3
13
11.5
12.6
14.5
11.1
16.7
15.2
13.7
14.8
14.6
17.1
18.1
15.1
15.5
14.9
13.7
15.1
17.7
17.2
18.3
14.3
13.9
14.4
13.9
19.9
17.2
20.3
16.1
19.3
19.5
20
19.5
22.6
15.9
15.5
15.3
14.6
15
14
16.5
17.3
18.3
17.9
15.5
16.1
19.1
18.1
18.7
20.7
20.5
19.9
20.3
18.9
14.9
13.3
15.9
13.2
12.5
12.2
12.9
14.7
15.8
14.1
12.5
13.2
12.3
11.1
13.7
13.2
14.5
13.6
13.3
13.8
13.5
13.3
12
12.7
11.6
12.3
14.1
12.9
12.1
12.7
13.3
11.7
10.5
9.3
11.2
7.4
5.4
7.2
9.3
10.3
12.5
12.7
12
11.8
11.7
12.7
14.3
12.7
10.5
10.1
12.6
13.1
13.9
13.9
12.9
14.7
10.7
11.8
7.6
5.7
7.2
13.1
12.1
8.7
9.9
7.1
7.3
4.9
8.9
10.1
9.4
6.9
3.7
2.1
2.6
6.5
10.1
11.3
3.7
3.6
6.3
9.3
9.9
7
5.9
2.3
1.8
1.9
5.9
4.3
6
9.3
8.9
10.7
6.6
4
3.6
6.4
7.2
6.9
5.5
7.7
8.5
5.8
1.9
1.7
0.7
-3.4
0.5
5.1
-0.3
2.7
1.9
4.3
3.5
4.2
3.9
2.9
2.1
-2.9
-3.3
-2
0.6
-3.6
-1.5
-5.1
-10.1
-11.7
-9.1
-7.2
-0.7
2.3
2.1
1.7
2.3
3.3
3.9
4.7
6.4
7.1
6.3
3.1
6.7
7.9
7.7
6.9
6.6
6.4
6.7
4.7
4.5
1.7
2.1
2.3
1.9
0.1
-0.5
0
0.9
0.8
1.1
0.9
-0.5
0.7
0.9
1.9
-2.4
-1.9
-1.1
-0.9
0.3
2.5
3.7
2.7
2.3
1.9
3.8
6.3
5.5
4.3
0.5
0.9
-1.5
1.2
3.8
3.8
2.5
-0.4
2.5
3
5.8
5.5
5.9
7.9
3.7
5.1
6
6.3
2.3
4.5
3.7
2.1
0.5
-0.6
0.5
0.9
1.8
1.3
2.7
2.5
2.5
2.7
2
3.1
3.7
3.1
2.1
1.7
4.9
3.5
1.8
4.1
2.5
3.3
5.7
4.9
5.1
1.9
4.5
6.1
10.9
9.3
5.1
2.2
3.4
4.8
7.7
10
9.1
6.3
9.5
8.8
8.3
9.3
7.7
8.9
8.9
10.7
9.2
7.3
7.7
5.5
3.3
4.6
5.5
4.6
5.1
5.1
7.5
7.2
5.7
6.2
4.5
7.7
9.5
10.3
7.9
4.5
4.5
4.2
7.9
7.6
7.5
8.3
10.1
9.4
9.9
8.9
10.5
8.5
13.7
13.4
11.7
11.1
10
8.9
12.1
12.5
15.8
15.7
14.7
12.3
13.5
13.2
11.9
11.8
13.3
14.9
15.5
16.1
12.1
12.3
9.1
8.3
12.1
13.1
15.9
14.9
14.5
12.9
14.4
12.9
13.1
12
12.5
13.2
11.9
12.1
12.4
14
12.5
15.3
16.3
17.5
16.8
15.9
14.7
12.9
12.2
16.1
15.4
16.8
16.9
16.4
17.1
17.9
14.3
13.3
17.5
12.9
15.4
13.5
15
12.9
13.5
13.4
14.5
14.5
16.5
14.9
15.7
13
16.1
16.5
14.1
16.3
15
14.9
15.3
17.1
15.7
19.1
18.7
19.3
16.3
14.9
16.2
14.8
14.3
12.7
13.3
13.9
13.9
12.1
11.9
12.3
18.3
15.8
15.7
12.9
14.1
11.9
11.6
11.5
13.1
12.9
10.5
10.5
10.5
11.7
11.9
11.1
11.8
11.7
11.9
12.3
10.2
11.5
11.1
13.3
11.7
11.6
11.3
10.2
10
9.3
8.7
11
8.5
7.8
11.5
13
7.7
8.3
6.9
7.9
11.5
12.4
11.6
9.9
6.3
6.7
7.1
10.1
11.8
10.7
7.8
12
11.7
11.5
8.7
9.7
10.7
6.1
7.1
11.1
10.7
11.5
10.9
8.9
7.7
6.4
2.2
2.9
1.9
0.2
1.7
3.5
3.5
5.7
8.4
7.3
3.3
-0.9
-2.4
-1.3
0.7
0.5
0.7
-0.4
1.3
1.5
-1.4
-1.9
2.3
5.5
4.3
4.8
1.7
2.3
-0.1
-2.6
-0.3
3.7
5.7
4.1
3.9
2.5
1.2
2.1
5.3
3.3
2.3
2.1
2.3
2.2
1.9
0.1
1
-0.3
0.1
-0.3
0.6
1.9
1.5
2.9
0.4
-0.3
0.1
0.1
0.4
0.7
0.9
0.1
0.3
1.2
-0.6
3.5
4.5
8.3
6.4
6.7
3
3
3.7
2.5
2
-0.1
-1.6
-0.3
1.9
2.8
3.5
4.5
3
-0.8
1.8
-1.4
1.2
4.6
3.4
4.6
2
3.5
4.7
5.7
6.8
5.9
3.5
6.1
5.6
3.3
3.5
4.3
6.2
3.9
4.4
4.5
6.3
6.5
7.1
5
5.1
1.9
4.2
6.3
6.2
4.7
4.4
3.9
3.4
3.6
5.5
5.1
5.4
6.1
6.8
6.7
7.8
9.6
11
10.5
9.2
7.6
7.6
6.9
3.4
4.8
7
7.4
7.6
9.8
6.6
6.4
8
7.8
9.6
9.2
9.5
5.9
3.8
8.6
8.5
9.3
10.3
8.5
10.3
8.2
7
7.6
12.3
9.3
7
8.3
9.5
5.3
7.1
6
5.5
5.5
10.3
6.9
7
8.1
11.8
11.5
12.2
13.9
14.2
10.7
11.6
4.7
3
4.4
5.1
4.4
7
6.3
8.2
8.9
10.7
9.8
7.7
9.6
9.5
10.9
8.5
8
7.1
5.2
7.4
11
15
12.9
13.4
17.2
17
12.8
13
8
12.4
14.5
14.1
15.8
17.3
14.3
10.8
15.9
11.2
12.7
13.1
9.8
10.4
11.7
12.9
12
13.2
11.2
12.9
11.1
12.4
12.1
10.3
9.5
9.6
10.3
12.4
9.3
9.5
11.3
12.3
12.7
15.2
16.4
17.6
18.9
17.9
17.7
16.8
17.8
15.8
13.3
14.3
16.6
14.1
16.3
15
16.5
17.2
15.3
17.6
15.8
16
13.7
16.2
17.1
15.3
13.9
14.8
16.8
13.7
15.5
13.4
14.4
17.8
18.2
19.2
17.1
20.8
19.1
21.3
17.9
18.8
18.2
18.8
18.2
17.2
21.5
19.5
17.8
14.9
13.4
13.7
15.2
14.8
13.7
11.2
12.8
14.6
12.1
13.4
11
15.1
12.7
12.6
12.1
14.9
15.1
13.8
12.2
12.9
10.2
9
11.4
14.4
11
14.2
8.5
7.1
9
10.3
10.7
9.8
11
11.6
10
11.6
11.8
13.7
11.5
12.3
11.4
12.7
14.7
14.3
13.2
10.9
10.7
10
10
8.3
4.5
6
4
7.4
10.8
13.1
14.4
9.6
6
6.4
3.5
3.6
4.1
5.3
4.5
7.3
3.1
1.1
2.5
10.5
10.7
9.2
8.2
6.4
7.6
9.4
5.9
3.3
3.9
5.4
7.3
4.8
5.4
5.7
8.9
11
11.3
10.9
8.1
8.5
4.6
3.7
5
6.1
6.5
7.3
7.8
7
7.1
4.4
-0.8
-0.2
1.7
1.8
6.1
7.7
9.3
8.5
7.5
8
4.5
3.6
4.4
2.3
2.7
2.9
4
4
5.9
5.9
6.5
2.3
5.1
6.2
4.7
5.3
5.2
3.7
2.4
3.9
4.7
4
4.5
5.3
1.4
1.5
2.1
2.3
5.4
5.7
10.6
7.3
7.6
5.1
4.4
4
3.9
4.3
4
-0.3
-0.8
3.3
4.9
7
4.4
2.6
1.5
-0.4
-0.2
2.1
2.8
3
3.3
2.5
1.6
4.5
6
6.8
4.4
5.8
8.5
7.3
10
10.4
10.8
9.5
9.8
9.2
7.6
7.7
8.9
9.8
5.8
5.8
7.4
10.4
6.5
7.4
5.9
2.8
1.8
4.9
6.4
3.5
2.7
1.8
4.7
4.4
1
2.8
5.4
3.5
6
9.7
9
8.9
9.5
7.9
5.6
8.6
7.6
5.9
6.1
7.7
7.2
10.3
9
10.8
10.1
10.7
9.8
5.9
5.3
7.2
7.1
7.9
7
7.2
6.5
3.1
2.4
3.6
2.8
2.4
1.5
2.1
1.5
5.4
6.7
5.4
7.2
7.7
11.5
11.7
9.7
9.2
9
8
6.6
7.5
8
6.7
9.5
8.9
11.6
8.6
9.3
10.8
10.1
12.7
11.1
8.1
10.5
12.3
16.3
16.1
14.9
14.7
14.7
14.7
12.7
12.1
9.7
13.3
14
13
9.1
7.6
9.3
9.6
9
8.7
8.2
7.8
9
10.9
12.5
11.4
15
11.9
13.1
13.1
8.6
8.9
8
9.1
10.6
11.7
11.7
10.7
16.3
17.7
17.1
13.6
15.1
16.1
14.7
12.7
12
13
12.9
12.5
10.4
14
16.1
17
15.1
12.3
12.5
13.4
16.1
12.2
12.8
14.3
12.1
13.3
13.4
12.8
13.3
12.8
12.9
15.5
14.4
14.6
14.6
13.3
13.4
13.3
14
14.6
14.4
13.9
15.9
13.4
14.4
15.6
14.7
15.8
16
14.7
17.9
15.1
17.6
16.6
14.6
14.1
16.3
13.5
13.8
15.2
13.3
12.2
13.7
14
12.3
12.1
11.1
11.5
10.9
9.4
12.5
15.7
16.1
13.1
13.6
16.6
13.3
14.1
15.8
14.7
17.3
15.6
14.9
13.8
11.3
7.3
8.5
11.1
11
11.2
11.4
14.8
14.7
17.1
15.8
13.6
10.5
10.8
12.1
10.5
12.1
11.4
10.1
11.1
13
10.6
8.8
7.8
9
10.2
7.9
9
8.6
10.8
10.2
10.1
10.5
9.3
7.3
8.9
5.1
3.1
4.8
5.6
7.7
13.4
9
8.3
7.3
6.9
6.3
5.5
6.5
5.8
4.2
3.5
1.4
2.1
2.3
3.3
4.2
5.4
9.9
10.1
5.4
5.4
5.9
6.1
6.8
3.9
1.6
-2.1
-1.3
1.5
4.2
7
6
3
4.5
5.6
6.3
6.1
6
2.9
4.5
7.3
7.8
5.8
0.9
-3.3
-3
1.3
4.2
4.8
7.3
5.3
6.3
7.6
8.3
6
7
9.1
5.4
3.4
0.1
0
2.2
2.3
5
5.2
5.1
1.9
0.6
3.4
3.9
3.6
3.9
5.6
4.8
4.6
5
4.4
3.2
2.4
0.3
-2.3
-1.7
0
2.8
4.3
5.3
2
2.3
4.3
5.6
5.1
3.1
3.1
4.3
3.6
1.8
2
2.4
4.6
6
6.4
8.1
4.8
4.9
8.4
8.9
5
2.8
0.3
-1.8
-1.4
0.9
3.4
4
2.9
4.2
5.6
4
4.1
5.2
6.7
4.5
3.8
2.5
2.6
2.5
5.1
6.2
3
3.9
5
5.3
4.1
3.3
2.5
2.3
3
1.9
3
3.7
2.7
5.1
7.3
6.8
7.6
8.8
10.6
7.3
7.3
6.5
7.1
4.5
7.5
9.3
6
5.8
3.6
3
6.6
9.8
6.1
11.1
8.3
10.5
9.3
10.7
10.3
9.8
10.7
12.6
9.9
7.6
7.8
2.2
1.2
4.4
2.5
3.7
2.7
4.2
5.8
7.2
8.9
10.5
7.7
9.3
8.8
12.5
12.5
12.6
9.2
7.9
8.3
13.8
10.5
11.3
8.8
13
11.7
11.5
12
12.6
12.5
11.2
11
11.3
9.9
9.1
10.9
11.7
12
11.1
8.1
10.8
10.2
10.6
13.2
15.9
11.9
13.3
9.2
10.8
12.5
10.7
10.1
11.7
9.3
10.4
8.2
10
12.3
11.6
11.2
10.8
12
13.8
13.3
15.6
13.8
15
14.4
11.1
11.5
11.3
13.2
13.9
15
15.9
14
10.5
11.4
13
15
12.8
15.9
16.5
15.4
16.3
16.6
19.8
19.6
19.5
17.9
17.2
16
12.5
13.6
15.3
15.1
12.6
15.8
16.3
12.9
14.1
16.9
16.8
12.4
13.1
13.9
10.8
16.7
16.9
18.4
18.9
20.3
19.9
19.4
17
19.8
14.3
12.6
11.9
11
11.9
10.3
15.4
14.2
12.7
12.3
10.9
12.8
13
11.3
11.7
8.8
9.4
10.1
12.3
16.2
16.2
14.5
11.3
13.2
15.5
16.7
18.1
19
20.9
20
16.2
14.3
14.1
12.3
13.6
16.1
11.3
12.1
10.8
10.7
10.4
11.1
12
14.1
15
15.2
12.8
13.6
13.8
13.5
12.1
10.2
10.6
12.1
11.8
8.3
8.3
8.4
7.6
4.4
4.7
8
9.8
12.9
14.3
8.8
7.1
9
8.6
9.6
10
10.3
4.8
8.2
7.7
8.9
10.3
11.5
8.6
10.2
9.9
10.5
8.8
8.5
11.4
9.6
10.5
7.2
8.4
10.8
9.8
6.9
6.4
8.9
4.7
4.1
4.1
7.5
8
7.6
5.4
3.9
2
1.9
3.6
3.4
2.1
5.5
7.6
9.8
8
8.1
7.8
8
5.9
6.8
6.5
5.6
3.1
2
4
4.7
5.3
5.4
4.3
2.4
1.7
1.8
-1.1
-2.2
2.1
4.6
4.9
-1.3
-2.7
-3.2
-1.1
4.1
4.6
5.5
2.3
1.3
2.8
0.8
1.1
2.3
4.1
5.2
5.9
5.9
3.5
5.1
7
4.5
4.9
3.2
3.5
4.5
4.3
1.1
2.2
2.4
3.2
6
6.6
3.8
4
3.9
2.8
2.3
3.1
1.9
2.5
3.4
7.1
6.1
6.4
6.5
7.8
5.1
7.1
9.1
8.3
6.3
5.5
5.8
4.3
4
4.7
2
3.1
2.5
3.3
0.2
0.7
3.3
3.1
0.6
2
1.9
3.9
3.7
4.4
6.3
6.8
4.5
4.7
3.8
4.3
3.8
1.3
3.9
7.4
10.8
12.3
9.6
8.4
9.3
7.8
9.5
6.2
5.9
9.8
8.9
5.7
7.1
10.5
8.7
5.4
5.3
6.8
4.7
4.1
3.4
5.4
5.3
4.7
6.6
4.4
4.6
2.3
2.1
5.3
5.9
4.6
7.5
4.7
4.1
4.2
3.8
4
5.2
2.4
3.9
2.8
6.6
9
11.6
10.4
10.5
8.7
9.7
8.2
7.3
9.3
9.6
9.3
11.6
10.4
12.3
8.4
7.8
5.7
11.6
14.3
11.8
14.9
10.1
10
12.6
14.3
15.5
15
11.4
10.3
9.4
10.4
9.8
12.1
10.2
10.6
9.2
10.3
8.1
9.3
7.9
10.3
8.8
8.9
12.8
12.6
8.7
7.4
8.7
10.9
11.5
11.8
8.8
10.3
10.6
13.3
13.7
12.7
11.1
14.6
15.4
18.5
20.2
16.1
14.8
13.8
12
12.6
12
11.9
11
11.3
12.3
9.9
11.9
13.5
13.6
11.7
13
10.1
9.6
13.2
13.9
12.2
11.2
12
13.8
13.7
12.5
12.3
12.8
16.1
15.5
17.4
17.6
15.8
16.2
12.2
13.3
16.2
16.6
14
15.1
15.6
14.3
17.1
14.8
15.6
14.3
14.7
18.8
15.1
18.4
14.7
17.6
14.5
13.4
17.1
18
14.8
12.5
13.7
12.5
11.6
12
11.2
12.6
13.5
15.8
17.1
16.2
15.1
13.9
13.8
14.8
12.3
12.5
12.8
9.7
10.5
18
13.1
13
13.8
14.7
14.3
13.7
13.9
13.3
13.4
12.3
13.1
13.9
10.5
8.6
10.8
10.3
11.8
16.5
16.1
12.8
10
12.5
8.6
9.2
12.6
12.4
12.1
11.5
10.9
8.7
6.5
9.2
7.5
4.6
7
4.8
6.9
10
10.5
9.9
8.9
8.5
9.3
7.1
5.7
6.3
5.1
6.3
9.8
9.7
8
9.4
7.1
8.4
4.1
5.5
5.5
2.7
5.1
4.8
3.7
5
6.1
5.6
6.7
4.8
4.6
5.1
5.2
4.7
2.8
3.7
3.5
3.2
5.2
1.1
2.6
3.5
3.7
2.6
4
5
5.2
8.3
9.4
6
6.7
8
7.6
8
9.6
7.5
7.1
6.4
7.1
7.6
7.5
6.4
5.5
5.8
0.3
-2
-3.3
-1.1
0.7
3.5
5.4
4.8
4.6
2.3
0.2
-4
-6.3
-4.5
-2.1
-1.4
-1.1


"Actual precipitation":
8.7
0.2
8.5
0.1
26.1
5.1
0.1
0.6
3.8
0.1
4.4
8.7
13.1
1.1
0
0.7
3.1
2
0.1
0.1
0
4.6
0.2
4.1
6
7.7
1.2
0.3
2.5
0.3
6.3
10.3
0
6.6
0.1
2.1
0.7
0.1
2.2
0
0
0
0
0
0.2
1.2
0.1
0
0
0
1.2
3.1
0.1
4.1
0
20.7
16.3
20.4
1.1
0
6.6
0.6
12.5
5.2
0.3
1.2
4.5
1
1.3
2.5
6.6
2.6
0.5
4.8
3.1
0.2
0.1
0.1
0.3
1.3
7.9
10.8
0.7
0.2
0
3.2
6.1
2.4
10.2
4.7
0.3
0.1
3.8
0.1
1.3
6.1
2.6
3.4
3
0
0.5
0
0
0
0
2.5
0
0.2
0
0
10.6
3.1
10.1
2
4.1
0.1
0
0.1
0.2
0
0.4
5.4
4.6
0.8
1.6
0.4
0
0.1
0
0
0
0
0
0
0
0
0.4
0
0
0.3
0
0
0
0
0
0
0
0
0
0
0
0
5.2
1
0.3
0.1
0.1
0
0.5
1.2
0
0
0
0
0
2.3
8.1
2.2
0.7
0
1.8
3.5
0.2
0.6
4.9
3.4
0.2
0
0
0
0
0
0
0.7
2.1
0
1.1
0
0
0.7
2
0.1
0.3
0
0.8
0
0
0
0
0
0.2
3.9
0
0
1.3
2.1
0.5
0
0
0
9.4
12.7
0.2
0.2
3.4
1.7
0
0
0
0
0.7
0.2
0
0.1
0
0
0
2.2
0.4
4.3
0.5
1.6
0
24.5
2.9
9.5
3.1
3.6
0.7
3
0.4
0
0
0
0
5.2
0.3
1.5
5
0.6
0.3
2.5
2.1
1.9
6.5
0.3
0.3
6.4
0.1
0
0.5
8.1
2.9
0
0
0
0.8
0
0
0
0
0
3.5
1.9
10.9
0
1
0.4
0
0.2
0
0
0
0
0
0
0
2.1
0
0
0
13.2
6.3
4.2
14
0.1
0.1
1.9
0.4
0
0
4.6
6.7
0.4
0
5.2
1.1
8.8
1.2
0
0.5
5.3
10.9
2.9
5.5
12.7
18.7
11.4
1.3
7.5
6.7
8.6
1.4
1.1
0
0.3
0
0
0
0
0
0
0
0
0
4.5
3.5
5.7
5.8
8.5
30.4
1.1
0.7
15.3
14.9
0.1
0
0
0.4
1.3
8.7
3.7
0.3
0
0
0
0.1
0
3.1
5.4
7.2
5.5
14.4
2.9
0.4
0.4
0
0
2.6
1.1
2.2
0.8
0.6
0.6
6.6
0
0.9
0.2
0.2
1.2
5.4
9.6
3.5
9.8
0.6
11.1
1
0.1
0
6.8
0
7.7
2.3
2
15.1
9
0.5
4.2
0.3
0
0.3
0.1
0
0.1
0.8
4.4
5.3
3.3
3.9
5.6
0.9
1.1
0.3
9.2
5.1
7
9.4
6
0.2
0.2
0
0.1
0.2
9.1
0.5
0.1
0
11
1
1.7
2.5
0.2
0.8
5.4
0.3
0
0.4
6.7
1
4.4
2.8
1.4
0
0
0
0.1
0.6
1.4
1.3
8.7
1.5
2.8
1.2
0.4
0
0
0
1.2
0.3
0.1
0
0
0
1.4
0
0.1
0
0
0
0
0.1
8.3
0.8
0.2
0
0.2
8.7
1.1
0.2
0.3
0.5
0
0.2
0
0
0
0
0
1.6
0
3.1
0.2
3.5
3.9
0
1.2
0.5
0
0.1
0
0.5
1.8
4
0.3
0.1
0
1.3
0.1
8.4
1.9
2.3
8.6
3.7
0
1.7
1.5
1.1
0.8
0.8
8.4
0.5
0.3
1
0
0
0.6
0.6
0
0
0
0
0.6
0.1
1.2
4.3
0
0
0
0
0
0
0
0
0
0
0
0
3.5
0
0
0.9
1.9
0
0
0
0
5.4
0
0
8.6
6.1
1.7
4.1
0.8
0
5
0
0.1
1.5
0
0
0
0
0.1
0
0
0
0
0
0
0
0
0
0
0
0
0
0
0.2
0
0
0
0
0
0
0
0
0
2
0
8.7
6.5
9
0.9
2.9
0.8
0
0
3.3
2.4
3.4
12.1
4.3
5.1
16.5
3.5
1
0.7
3.6
0
0
0
0
0.7
0.9
2.2
0.1
0
0
0.4
17.1
0.9
2.3
3.6
0
0
0
2.5
2.2
16.1
4.8
0.5
5.5
4.8
1.9
0
0.5
0
1.2
13.9
0.1
0
0.5
0
0.3
0.1
1.2
0.9
0.5
5
0.2
14.5
14.3
4.8
1.1
0.2
1.2
0.8
2.6
0
0
0.1
0
0
2.3
0.1
0.6
0.1
2.9
15.6
0.1
0
5.7
25.4
0.2
0.1
0
0
0.6
0.6
0
5
3.3
8.2
0.5
1.6
1.1
0.1
0
0.1
0.2
3.4
1.1
2.1
5.6
0.4
0
0.1
0.1
0.2
0.5
1.2
0.5
1.3
0.1
0.6
6
0
0
12.1
18.5
1.2
1.7
0
0
0
0
0
0
8
0.5
0.1
1.8
5.5
0.9
2
1.1
8.4
4.2
0.1
6.5
4.6
0.3
0
0
0
0
0
0
0.2
1.3
0
0.1
0
3.3
12.9
7
0
0
0
0
0
0.5
0.2
0
15.9
3.5
0.9
7.1
8.5
2.6
31.4
2.8
1
0
0.2
1.4
4
2.6
3.5
0.2
2
0
1.8
5.2
0
0.1
0
0
0
0
0
0.2
0
0
0.1
0.6
1.3
0
0
10.8
1.5
0.2
0.1
0
8.8
0.2
0.2
0
1.1
0.1
0.2
0
0
0.6
0.1
0.5
0
0
0
0.1
0
0
0
0
0
0
0
0
0.1
4.4
4.6
0.4
0
1.8
0.1
4.3
6.4
2.6
0.1
6
3.2
9.7
2.7
0.1
0.6
0.9
0.3
0.1
3.8
23.4
12.9
0
0.8
0
0.8
0
0
0.1
0
3.6
2.8
0.3
0
0.2
0.5
1.4
0.1
4.7
1.1
0.1
0.4
1.5
2.9
1.1
0.3
11.9
0.2
3.7
2.4
2.5
0.7
0
0.4
0.7
0.9
0.7
1
0
0
7
0.6
3.2
0
0
0
0
0
0
0
0
0
0
0
0
0
2.2
0.1
5.1
0.3
0
0
7.3
7.3
6.8
2.3
0
0.1
0
0.1
0
0
0.8
0
0
0
0
0
0
0
0
0
2.5
0.1
4.6
0
0
0
0
2
0
0
0.9
0.2
0
0
0
0
14.6
0
1.3
1.7
11.5
0.2
0
0
0
0
0
0
0
0.1
14.6
4.5
7.8
0.4
5.7
0.6
5.8
2.1
0
0
0
0
4.5
0
0.1
0.1
0
0
0
0
0
0.6
0.1
0
0
0
0
0
0
0
0
0.1
0.4
0
0
0.2
0
1.6
0.8
10.7
0.7
0.3
0
1
11.5
0.7
2.8
1.5
0.2
0
0
0
5.3
0.6
0
11.5
5.6
7.4
2
4.2
0.4
4.5
0.9
1.5
0
5.4
5.3
9.9
11.9
8.3
0
0.7
0.1
1.2
5.2
9
3.2
13.6
9.6
0
2.5
0
0
17.5
0.9
4.6
0.1
0.9
6
0
0
16.5
0
2.9
0.1
0
8.8
6.8
0
0
4.4
1.2
0.2
3.5
2
61.9
0.2
0
0
0
0.2
0.1
0
0.2
0.7
0.2
0.3
0
0
3.5
28.4
0.7
0
0
0.8
0.1
0
0.4
1
1.9
0.6
1.9
7.1
5.6
0
3.6
1.2
0.3
0.6
0.5
0
0.9
0
0
3.7
0.5
0
0
0
0
0.4
0.6
0.3
0
0
0
0.2
0.8
0.6
0.4
0.3
0
0
0
0
0
0.2
8.3
0.4
0.2
1.8
0
2.4
17.2
10
4.4
4.6
0.9
0.3
1.8
16.1
24.5
4.5
23.5
22.3
0
5.9
10.7
13.9
0.8
4.1
5.9
5.4
13.8
4
0
0.1
0.3
0.1
0.6
0
0.2
0
0
0
0.7
0
1.8
0.2
1.3
4
0.3
0
0
3.9
3.8
0.7
0.4
4.6
2.3
0.1
0
0
0
0
1.3
0.2
2
1.7
0.2
0
0
0
0
0
0
0
0.1
0
0
0
2.2
0.1
1.4
1.2
0
2.5
0
0
0
5.4
0.2
0
0
0
0
9
11.9
7.1
3.3
7.1
0.7
3
3.8
4.7
4.9
2.3
0
3.7
20.1
1
4.3
9.4
3
0.2
0
0
0
1.5
0
0
0
0
0
0
0
0.6
0
0
7.4
1.5
1.9
0.1
0
3.6
36
9.1
13.1
0.2
4.4
0.2
0.4
1.2
9.9
3.6
0.7
2.5
0
0
3.2
0.7
5.5
4.6
0.2
16.6
2.8
13.3
1.9
0
0
0
0
0
0
0
0
6.9
4.9
0
0.1
0
0
0
0
0
0
0
8.9
7.1
0
2.2
1.5
0.3
1.8
2.8
1
0
0
0
0
0
0
0
4
0
0
1.1
0
15.1
0
0
0.9
0.6
0
0
2.3
3.6
0
3.7
1.2
1.3
0.7
8.4
0.1
2.9
0
3.3
2.6
6.5
6.6
6
0.4
2.9
0.1
0
0
0
1.4
1.9
0.4
2
4
5.6
0
0
0
0
0
0
0
0
0
0
0
0.5
0
0.1
0
0
0
0
0.1
2.7
0.5
3.9
15.5
1.4
0.2
0.1
0
6
8.5
2.6
0.7
0.2
0.7
0
0
0
0
0
0
0
0
0
0.1
0
0
1
0.1
0.4
1.4
9.5
0.3
4.5
8.6
1.5
0.4
4.1
0.2
0
0.5
0.6
3.1
9.4
4.4
5.6
8.5
2
0
4.8
3.3
4.1
6.9
0.6
10.3
3.4
0.2
0.2
3.4
0.9
0.1
5
0.1
8.3
7.6
11.7
15.5
1.7
4
7.5
0.2
0.6
0
0.4
16.4
12.6
0.2
0.7
1
3.3
13.1
10.7
0.1
0.3
0
0.3
2.5
0.1
9.6
13
7.7
7.3
0
7.1
1.4
9.8
0.6
0
0.9
0.4
17.1
1
0.4
0.9
3.9
9.7
0.8
0.6
1.4
8.6
3.5
0.2
0.1
0
0
0
0
1.3
1.5
0.1
0
0.6
1.2
0.1
3.9
0.5
0.7
3.1
3.8
3.9
0.1
2.7
0.2
1.7
0.2
0
0
0
6.2
1.6
0.7
0.1
0
0
0.7
6.6
0.1
4.5
3.9
0.5
0
0.6
12
3.3
0
0.6
7.9
0
2.6
0
0
0.2
0.3
0
0
0.1
0
0
0
0.9
0
2.1
2.8
0
0
14
0.4
0.7
1.7
16.1
3.4
4.1
0.3
3.8
2.8
8.4
3.8
0.7
1.3
0.9
0.1
0.1
2.9
12
0
0
3.6
2.8
3.7
9.8
2.3
1.7
6.3
1
0.1
0.8
6.2
0.1
0
0
0
0
2.4
3.5
2.2
0
0
0
5.6
0.2
0.1
0
0
0
0
0
0
0.8
0.1
0
0
0
0.8
2.4
8.9
16.9
25.2
5.7
5.5
0.4
8.3
0.1
0
3.3
3.5
0
10.5
0.5
11
0.7
0.1
8.8
9
1
0.2
0
0.5
0
0
0
2.6
1.1
0.2
3.9
8.4
10.5
0
0
0
0.1
0
0
0.5
0
0
0.1
1.2
0
4.6
5.9
18.3
0
0.2
0.3
5.5
0.9
1
8.1
8.4
0.4
5
0.2
0.1
0.7
6.1
5
3.5
3.4
4.3
2.7
0
3.2
0.4
1.1
2.5
2.5
6.6
0
0.1
0.1
2.5
1.3
1
3
0.1
9.1
0.2
0
0.3
6.2
0
0
13.8
0.1
2.9
0.1
0
0
0
0
9.8
16.1
0.1
1.3
0.2
0.1
0.1
3.9
15.1
8.3
0.4
0.8
3.9
0
0.1
0
0
1.2
0
0
0
0.1
0
0
0
0
0
0
0.3
2.2
12.3
0.6
0
0.1
4.5
5.4
0.2
0.1
0
7.5
3.6
0.1
6.5
4.4
6.8
7.1
17.2
3.1
1.1
0.1
19.6
4.1
2.4
3.9
14.5
0.4
9.2
19.3
3.2
0.7
0
0
0
59
6
2.5
4.3
0.3
2.7
6.9
3.7
2.1
0.4
3.2
3.6
6
0
0
0.4
1.1
0.9
2
3.5
1.2
2.5
0.2
2.1
0.6
11.5
0.1
1
0.3
0
0.1
0
0.3
0
0
2.3
1.8
0.5
3
1
3.9
9.1
2.6
0.4
1.6
2.8
6.1
0
0
0.4
1.3
0.3
1.4
4.8
21.1
1
0
6.4
0.6
0.4
16.4
4
4.9
5.8
17.8
0.4
0.3
1.4
0
0.1
2.7
0.2
1.4
15.3
15
2
1.2
19.8
1.6
0.8
0
0
3
25.4
2.9
0.1
1
0.3
1.7
0.1
0
0
0
1
0.1
0
0.9
0
0
0
0.1
0
0
0.1
0.5
0.3
0.7
4.8
2.4
0.8
10
0.7
0
0.5
0.2
0
0
6.5
11.2
4.2
7.4
3.5
3.2
0
3
0.1
1.3
2.4
0
0.5
3
0.1
0
0
0
1
0
0.2
3.4
3.8
3.5
0.7
0.8
0
0
0
5.8
0.2
0.4
0.1
0
0
0.3
1.9
2.8
1.4
0.1
0
1.5
0.1
4.9
10.7
3.6
4.5
3.1
0
0.1
2.2
1.1
16.2
6.1
3
0
0
0
0
0
0
0
0
0
0
0
0
7.8
1.4
8
2.2
11.1
8.2
11.5
13.2
3.4
0.2
0.1
0
0
0
0
0.1
4.6
0.2
1.5
1.2
1.3
0.2
5.7
2.3
0
0
0
0
12.9
0.6
5
15.8
4.5
0.1
1
0
0
2
1.5
1.6
0
0.1
2.5
0
0
6.9
0.1
3.6
0.1
0
0
0
17.7
0.7
1.5
0.1
0
0.1
1.7
8.7
0
0.3
0
1.2
0.1
0
0
0
0
0.9
0
0
0.1
0
4.3
3.3
0.9
0
0
0
0
0
0
0
0
0
0
0
0
0
0
0
3.1
0.3
0.2
0.5
0
0
0
2.4
1
3.6
0
3.4
10.8
3.4
0
0
0
0
0
0.3
5.2
4.7
0
0
2.2
0.3
0
0
0
0
0
0
9.1
0
5.1
0
0
5.2
0.3
0
0
0
6.8
1
1.9
13.2
24.8
0
2.9
14
4.2
0
0.1
7.4
3.3
7.6
3.7
5
0.8
1.2
0
0
0.2
0.2
0
0
0.6
0.1
0
0
0.1
0
0
0
0.8
2.9
0.1
13.1
1.8
1.4
13.7
1.5
0.2
3.1
0.1
0.2
3.1
4.8
8.3
1.1
4.6
13.7
19.5
2
2.2
0
0
0
0
0.1
0
0
0.3
0
0
0
1.3
0
0
0
2
2.2
1.7
8.8
15.4
15.3
1.8
2
8.9
19.3
0.3
0.5
6.1
8.8
3.8
19.4
9.5
3.3
15.2
3.9
0.1
13.2
0.1
6.5
0
0
0
3.8
2.2
5.4
14.2
12.1
2.6
0.3
0
0
1.3
2
0.3
0
3.1
0.3
11.2
12.2
0.9
6
3.7
0.1
0.8
11.1
0
0.3
0
0
0
0
0
0
0
0.2
0
0.1
0
0
0
1.9
7
2.6
5.8
9.3
0.4
1.7
0.9
0.2
0.6
3.9
3.6
9.9
13.9
2.4
10
10.9
1.8
1.3
6.2
1.4
3.8
1.8
0
1.6
0.1
0.4
3.2
3.4
0.1
12.1
4.7
0.8
0.1
0.8
5.1
1.1
0
1
1.7
2.1
6.3
4.2
0
0
0.1
0.2
0
0
0
0
0
0
0
0.6
0.1
13.2
0.8
0
3.6
0.2
0
0.1
0.5
2
0.4
4.1
0.8
0
0
0
0
0
0
1.8
9.6
22.2
3.5
0
0.3
3
10.1
0
2.4
2.9
3.9
0
1.3
15.9
13.7
23.4
0.2
0
0
0.1
0
0
0
0
0
0
0
0
0
0
0
0
0
0
0
20.5
1
0.9
5.7
2.5
0
0
0.2
0.1
3.4
11.6
0.2
1.6
0
0.4
1.8
0.2
0
17.6
0.2
0.5
1.5
1.1
0.2
13.8
3.6
0.1
1.7
0
0
0
0
0
0
0
1.6
3
6.2
0
0
0.2
0
0
0.4
0
0
0.2
0
0
0
8.4
0.1
0
4
15.5
0.6
0
0
0.1
0
0
0
0
0
0
0
0
0
0.5
1
0.7
0
0
11.2
5
7.1
6.7
0
11.3
0
0
0
0
0.1
4
5.8
0
0
9.2
10.8
0.4
0
4.4
28.7
9.3
14.3
6.3
3.5
0
0
0
5.2
2.9
0.5
0
0.1
1
1.9
12.9
1.5
0
10.4
7.2
6.3
0.3
0
1
39.4
4.3
0.3
1.3
2.2
2
0.2
9.2
0.1
21.5
4
5.2
1.6
1
4.3
0.2
10.1
4.9
1.4
0.5
0.1
0
1.9
1
4.7
0.6
3
7.4
0
25.6
1.1
5.7
1.1
1.7
0
0
0
2.9
1.5
0.4
1.1
0
7.4
9.7
19.3
0.5
3
1
9.5
0.6
0.5
1
1.7
0
0
0
9
41.7
18.6
0.3
0
1.5
16.1
2.4
0.1
0.2
6.2
0.5
0
1
0
0.1
1.7
2.1
0.3
2
7.5
0.8
2.5
6.1
1.6
6.1
18.8
2.4
5.4
10.9
7.3
1.4
23.2
12
5
2.8
3.9
17.5
0.4
0.1
0
0
0
0
5.2
0.2
0
0
3.1
2.3
0
0
0
3.8
0
0
13.1

"Discharge" {"Kingledores"} :
"1994-01-01"	3.829
"1994-01-02"	3.764
"1994-01-03"	9.682
"1994-01-04"	5.943
"1994-01-05"	5.383
"1994-01-06"	5.405
"1994-01-07"	4.943
"1994-01-08"	4.358
"1994-01-09"	22.04
"1994-01-10"	15.55
"1994-01-11"	12.16
"1994-01-12"	16.98
"1994-01-13"	22.71
"1994-01-14"	16.83
"1994-01-15"	9.857
"1994-01-16"	6.637
"1994-01-17"	5.26
"1994-01-18"	8.31
"1994-01-19"	6.186
"1994-01-20"	8.405
"1994-01-21"	10.06
"1994-01-22"	9.264
"1994-01-23"	9.123
"1994-01-24"	8.2
"1994-01-25"	12.46
"1994-01-26"	19.52
"1994-01-27"	12.74
"1994-01-28"	7.44
"1994-01-29"	8.698
"1994-01-30"	7.728
"1994-01-31"	7.32
"1994-02-01"	37.75
"1994-02-02"	11.35
"1994-02-03"	8.778
"1994-02-04"	9.88
"1994-02-05"	8.132
"1994-02-06"	10.32
"1994-02-07"	7.109
"1994-02-08"	8.443
"1994-02-09"	6.555
"1994-02-10"	5.044
"1994-02-11"	4.279
"1994-02-12"	3.58
"1994-02-13"	3.134
"1994-02-14"	3.244
"1994-02-15"	3.16
"1994-02-16"	2.307
"1994-02-17"	2.088
"1994-02-18"	1.961
"1994-02-19"	1.801
"1994-02-20"	1.704
"1994-02-21"	1.608
"1994-02-22"	1.461
"1994-02-23"	1.473
"1994-02-24"	1.308
"1994-02-25"	1.323
"1994-02-26"	1.626
"1994-02-27"	10.13
"1994-02-28"	7.58
"1994-03-01"	4.016
"1994-03-02"	6.787
"1994-03-03"	9.582
"1994-03-04"	34.43
"1994-03-05"	25.8
"1994-03-06"	14.43
"1994-03-07"	12.07
"1994-03-08"	17.34
"1994-03-09"	8.649
"1994-03-10"	6.892
"1994-03-11"	5.795
"1994-03-12"	8.871
"1994-03-13"	9.592
"1994-03-14"	11.93
"1994-03-15"	6.772
"1994-03-16"	5.374
"1994-03-17"	4.977
"1994-03-18"	4.74
"1994-03-19"	4.182
"1994-03-20"	3.738
"1994-03-21"	4.96
"1994-03-22"	10.32
"1994-03-23"	23.57
"1994-03-24"	11.61
"1994-03-25"	7.407
"1994-03-26"	5.249
"1994-03-27"	8.056
"1994-03-28"	9.452
"1994-03-29"	7.376
"1994-03-30"	18.41
"1994-03-31"	17.41
"1994-04-01"	11.78
"1994-04-02"	8.562
"1994-04-03"	13.57
"1994-04-04"	9.657
"1994-04-05"	7.016
"1994-04-06"	6.028
"1994-04-07"	8.499
"1994-04-08"	8.05
"1994-04-09"	6.63
"1994-04-10"	7.676
"1994-04-11"	8.062
"1994-04-12"	7.093
"1994-04-13"	4.832
"1994-04-14"	3.864
"1994-04-15"	3.331
"1994-04-16"	3.069
"1994-04-17"	2.879
"1994-04-18"	2.621
"1994-04-19"	2.414
"1994-04-20"	2.361
"1994-04-21"	2.137
"1994-04-22"	2.425
"1994-04-23"	3.163
"1994-04-24"	2.775
"1994-04-25"	5.445
"1994-04-26"	4.626
"1994-04-27"	3.266
"1994-04-28"	4.325
"1994-04-29"	4.031
"1994-04-30"	3.14
"1994-05-01"	3.135
"1994-05-02"	2.82
"1994-05-03"	3.182
"1994-05-04"	4.433
"1994-05-05"	5.341
"1994-05-06"	3.853
"1994-05-07"	3.122
"1994-05-08"	2.754
"1994-05-09"	2.598
"1994-05-10"	2.507
"1994-05-11"	2.543
"1994-05-12"	2.278
"1994-05-13"	2.168
"1994-05-14"	2.073
"1994-05-15"	2.037
"1994-05-16"	1.951
"1994-05-17"	1.888
"1994-05-18"	2.171
"1994-05-19"	1.794
"1994-05-20"	1.728
"1994-05-21"	1.693
"1994-05-22"	1.658
"1994-05-23"	1.622
"1994-05-24"	1.581
"1994-05-25"	2.631
"1994-05-26"	1.458
"1994-05-27"	1.306
"1994-05-28"	1.281
"1994-05-29"	1.243
"1994-05-30"	1.216
"1994-05-31"	1.224
"1994-06-01"	1.981
"1994-06-02"	1.235
"1994-06-03"	1.322
"1994-06-04"	1.196
"1994-06-05"	1.138
"1994-06-06"	1.172
"1994-06-07"	1.103
"1994-06-08"	2.176
"1994-06-09"	1.181
"1994-06-10"	1.043
"1994-06-11"	1.027
"1994-06-12"	1.015
"1994-06-13"	1.123
"1994-06-14"	1.169
"1994-06-15"	2.185
"1994-06-16"	1.211
"1994-06-17"	1.144
"1994-06-18"	1.408
"1994-06-19"	1.326
"1994-06-20"	1.151
"1994-06-21"	2.226
"1994-06-22"	2.515
"1994-06-23"	1.292
"1994-06-24"	1.255
"1994-06-25"	1.253
"1994-06-26"	1.553
"1994-06-27"	1.692
"1994-06-28"	1.328
"1994-06-29"	2.292
"1994-06-30"	1.15
"1994-07-01"	1.02
"1994-07-02"	1.01
"1994-07-03"	0.99
"1994-07-04"	1.396
"1994-07-05"	1.473
"1994-07-06"	2.476
"1994-07-07"	1.384
"1994-07-08"	1.191
"1994-07-09"	1.139
"1994-07-10"	2.866
"1994-07-11"	2.242
"1994-07-12"	1.565
"1994-07-13"	1.606
"1994-07-14"	1.18
"1994-07-15"	1.148
"1994-07-16"	1.062
"1994-07-17"	1.015
"1994-07-18"	0.981
"1994-07-19"	0.955
"1994-07-20"	1.832
"1994-07-21"	1.115
"1994-07-22"	0.944
"1994-07-23"	0.906
"1994-07-24"	0.939
"1994-07-25"	0.958
"1994-07-26"	2.701
"1994-07-27"	2.316
"1994-07-28"	1.109
"1994-07-29"	0.981
"1994-07-30"	0.941
"1994-07-31"	1.02
"1994-08-01"	1.018
"1994-08-02"	0.974
"1994-08-03"	1.579
"1994-08-04"	1.347
"1994-08-05"	1.038
"1994-08-06"	0.971
"1994-08-07"	0.941
"1994-08-08"	0.915
"1994-08-09"	0.894
"1994-08-10"	2.007
"1994-08-11"	0.912
"1994-08-12"	0.825
"1994-08-13"	0.815
"1994-08-14"	0.813
"1994-08-15"	0.807
"1994-08-16"	0.882
"1994-08-17"	2.165
"1994-08-18"	1.172
"1994-08-19"	1.386
"1994-08-20"	1.044
"1994-08-21"	0.953
"1994-08-22"	0.952
"1994-08-23"	4.184
"1994-08-24"	6.366
"1994-08-25"	2.112
"1994-08-26"	1.729
"1994-08-27"	1.816
"1994-08-28"	3.046
"1994-08-29"	2.347
"1994-08-30"	1.772
"1994-08-31"	1.916
"1994-09-01"	1.374
"1994-09-02"	1.264
"1994-09-03"	1.382
"1994-09-04"	1.414
"1994-09-05"	1.286
"1994-09-06"	2.579
"1994-09-07"	1.998
"1994-09-08"	1.731
"1994-09-09"	2.95
"1994-09-10"	2.198
"1994-09-11"	2.823
"1994-09-12"	2.1
"1994-09-13"	1.893
"1994-09-14"	2.097
"1994-09-15"	1.673
"1994-09-16"	1.519
"1994-09-17"	1.42
"1994-09-18"	1.368
"1994-09-19"	1.514
"1994-09-20"	1.561
"1994-09-21"	1.768
"1994-09-22"	1.295
"1994-09-23"	1.241
"1994-09-24"	1.205
"1994-09-25"	1.164
"1994-09-26"	1.139
"1994-09-27"	1.124
"1994-09-28"	1.52
"1994-09-29"	1.117
"1994-09-30"	1.13
"1994-10-01"	1.101
"1994-10-02"	1.887
"1994-10-03"	1.692
"1994-10-04"	1.208
"1994-10-05"	1.38
"1994-10-06"	1.094
"1994-10-07"	1.125
"1994-10-08"	1.06
"1994-10-09"	1.013
"1994-10-10"	0.994
"1994-10-11"	0.953
"1994-10-12"	1.817
"1994-10-13"	0.981
"1994-10-14"	0.901
"1994-10-15"	0.892
"1994-10-16"	0.867
"1994-10-17"	0.849
"1994-10-18"	0.838
"1994-10-19"	1.834
"1994-10-20"	1.569
"1994-10-21"	1.507
"1994-10-22"	4.509
"1994-10-23"	3.962
"1994-10-24"	2.044
"1994-10-25"	1.785
"1994-10-26"	2.085
"1994-10-27"	1.71
"1994-10-28"	1.541
"1994-10-29"	1.698
"1994-10-30"	2.749
"1994-10-31"	4.658
"1994-11-01"	2.444
"1994-11-02"	2.246
"1994-11-03"	4.357
"1994-11-04"	3.126
"1994-11-05"	4.015
"1994-11-06"	2.976
"1994-11-07"	2.562
"1994-11-08"	2.44
"1994-11-09"	3.473
"1994-11-10"	2.552
"1994-11-11"	2.232
"1994-11-12"	3.681
"1994-11-13"	17.61
"1994-11-14"	11.7
"1994-11-15"	9.448
"1994-11-16"	7.803
"1994-11-17"	7.434
"1994-11-18"	9.468
"1994-11-19"	7.818
"1994-11-20"	5.915
"1994-11-21"	4.775
"1994-11-22"	5.502
"1994-11-23"	4.335
"1994-11-24"	3.584
"1994-11-25"	3.267
"1994-11-26"	2.961
"1994-11-27"	2.678
"1994-11-28"	2.469
"1994-11-29"	2.284
"1994-11-30"	2.129
"1994-12-01"	1.921
"1994-12-02"	1.786
"1994-12-03"	4.498
"1994-12-04"	2.713
"1994-12-05"	4.28
"1994-12-06"	9.624
"1994-12-07"	12.91
"1994-12-08"	20.14
"1994-12-09"	9.063
"1994-12-10"	36.57
"1994-12-11"	81.53
"1994-12-12"	28.68
"1994-12-13"	13.13
"1994-12-14"	8.428
"1994-12-15"	6.805
"1994-12-16"	5.696
"1994-12-17"	14.36
"1994-12-18"	7.855
"1994-12-19"	6.139
"1994-12-20"	4.688
"1994-12-21"	3.781
"1994-12-22"	3.456
"1994-12-23"	4.156
"1994-12-24"	4.929
"1994-12-25"	5.078
"1994-12-26"	5.175
"1994-12-27"	4.433
"1994-12-28"	22.31
"1994-12-29"	16.51
"1994-12-30"	17.76
"1994-12-31"	8.847
end_timeseries

"Nitrate concentration" {"Kingledores"} :
"1994-02-23"	0.23
"1994-05-24"	0.11
"1994-07-20"	0.43
"1994-09-21"	0.35
"1994-11-23"	0.65
end_timeseries