

# Meteorological data is based on data from met.no obtained under the creative commons 4.0 license


start_date : 1986-01-01
timesteps : 10957

additional_timeseries :
"Observed flow"                  unit "m3/s"
"Observed flow mm/day"           unit "mm/day"
"Observed DOC"               unit "mg/l"
"Soil temperature at 15cm"   unit "°C"
"Soil temperature at 20cm"   unit "°C"
"DOC flux"                   unit "kg/day"     #Based on (linear interpolation of DOC)*Discharge

inputs :

include_file "langtjern_observed.dat"
include_file "deposition.dat"
include_file "langtjern_additional_met.dat"

"Air temperature" :
-17.21
-12.24
-12.34
-18.8
-15.8
-11.49
-21.52
-24.89
-26.67
-24.89
-15.34
-13.18
-13.09
-9.81
-11.03
-17.58
-17.77
-14.49
-15.99
-13.65
-12.15
-12.34
-5.12
-11.31
-13.09
-16.93
-21.61
-20.58
-13.46
-8.5
-7.84
-8.5
-7.09
-10.09
-15.15
-11.68
-19.46
-17.12
-8.87
-7.65
-17.21
-17.3
-15.9
-10.09
-6.15
-10.65
-17.77
-17.02
-10.46
-20.58
-21.05
-16.74
-18.24
-12.81
-15.99
-13.84
-11.31
-7.93
-14.77
-1.66
-7.28
-4.28
-1.37
-2.5
-2.69
-0.91
-1.56
0.22
-2.22
-1.28
-1.75
-3.53
-3.25
-1.66
-1.47
-1.84
-2.87
-1.75
0.31
-2.78
1.62
-1.09
1.9
-2.5
-1.09
-2.5
-1.66
1.06
-2.22
0.5
-0.34
-0.53
0.59
0.03
-0.72
-1.37
-0.25
-0.34
-1.75
-0.34
-4.56
-6.72
-0.91
-2.87
-4.65
-4.47
-3.72
-2.03
1.25
0.03
-1.47
-1.28
-1.37
2
4.15
2.09
4.72
4.53
3.4
5.65
5.18
7.62
8.93
8.46
9.68
10.24
6.78
10.71
7.43
7.99
4.25
8.09
9.03
6.68
7.62
5.37
5.28
7.9
4.06
9.4
10.43
6.31
7.71
6.96
6.87
6.31
6.96
5.84
8.65
6.68
7.43
9.49
10.62
12.21
10.9
9.77
10.15
11.84
10.34
9.31
7.53
12.02
11.65
10.24
10.99
13.99
17.83
17.55
15.77
15.58
13.9
15.49
12.87
12.49
14.65
16.52
17.74
17.93
16.05
16.52
18.77
19.89
20.74
19.24
17.55
14.83
14.55
12.96
11.93
11.46
10.34
9.4
11.55
10.62
10.99
14.46
15.58
16.33
15.02
12.96
13.71
12.12
12.87
12.59
11.09
12.12
13.9
16.05
13.99
15.4
13.52
15.21
9.12
11.65
10.34
13.71
9.59
13.24
10.99
8.37
10.52
11.18
11.55
12.02
10.52
9.59
11.18
9.87
9.03
8.93
8.74
9.12
8.46
6.12
6.87
8.65
7.43
6.68
6.96
6.5
5.75
7.53
8.74
8.18
7.71
5.75
5.84
6.03
8.84
6.78
4.62
4.72
4.15
3.31
4.53
3.5
3.97
5.18
4.06
3.12
1.44
3.5
8.28
7.81
8.84
6.5
1.72
2.94
1.44
-0.16
0.12
6.78
8.65
7.9
10.71
7.71
3.78
4.62
-1.56
5.75
6.31
0.97
2.84
3.31
5.84
2.84
3.97
3.59
5.75
3.22
2.94
0.59
4.72
-0.06
-1
-0.72
-3.06
-2.31
-2.41
0.41
0.97
3.97
4.43
2.37
3.68
-0.25
-1.19
-6.06
-4.19
-1.19
-3.06
-2.59
3.12
0.69
5.46
4.15
0.5
-4
-0.81
0.87
-1.28
0.12
-2.5
-4.37
-10.46
-11.49
-7.84
-1.56
0.12
-0.34
0.97
-2.22
4.15
1.62
1.81
1.34
-3.34
-1.94
1.81
-1.47
-1
-3.81
1.44
3.68
0.78
-8.03
-4.47
-5.87
-3.15
-7
-5.5
-7.46
-6.62
-5.59
-11.12
-19.36
-21.52
-17.86
-22.36
-15.05
-11.12
-9.99
-11.77
-11.31
-16.93
-18.99
-23.67
-23.86
-18.9
-21.24
-15.24
-16.65
-21.52
-14.87
-26.3
-32.67
-31.73
-26.48
-26.48
-23.02
-21.71
-21.8
-23.3
-24.89
-26.2
-19.18
-13.93
-13.27
-11.12
-8.68
-1.66
-7.93
-10.84
-16.08
-22.27
-6.15
1.81
-7.46
-12.9
-13.74
-4.94
1.15
-3.34
-6.9
-3.9
-12.24
-13.27
-8.4
-7.46
-5.78
-4.94
-13.55
-15.9
-17.12
-17.02
-16.08
-6.34
3.03
-3.9
-7.37
-8.4
-6.72
-9.06
-12.9
-12.62
-17.12
-18.05
-19.83
-12.62
-14.02
-14.77
-13.93
-7.93
-8.59
-12.9
-12.24
-12.24
-11.59
-9.99
-3.72
-4.94
-5.59
-4.56
-3.81
-3.06
-3.44
-6.72
-5.31
-4.56
-2.87
-2.59
-2.97
-0.53
0.69
-0.81
-1
0.59
-1.47
0.41
0.69
0.22
-0.06
0.87
-0.81
-0.91
-1.75
-0.91
2.28
0.78
3.31
4.06
5.65
4.81
2.28
-0.81
-0.16
2
5.56
6.12
5.37
6.21
4.06
4.06
8.84
8.93
9.77
8.74
3.97
2.28
3.97
5.75
6.87
4.9
6.4
5.56
2.56
3.22
3.22
2.56
4.25
5.28
3.68
7.43
7.25
4.34
6.4
6.87
9.68
13.24
10.34
11.46
10.34
3.22
3.22
6.21
6.59
6.68
7.25
8.65
7.9
8.56
9.12
8.74
9.03
9.21
8.65
10.06
10.24
7.43
8.84
8.65
8.65
9.49
8.28
9.4
9.77
8.46
9.4
7.9
9.87
10.71
9.68
10.52
10.24
11.18
14.08
13.05
11.93
11.18
10.9
12.59
15.3
15.86
14.65
11.74
9.31
9.21
10.06
11.55
12.02
13.62
13.8
12.49
13.8
13.8
14.46
15.12
16.24
17.65
17.55
16.05
11.18
10.43
12.3
11.93
11.74
10.62
11.09
10.43
11.37
10.15
10.24
9.49
6.78
8.93
7.9
8.74
8.09
9.21
10.81
10.52
9.68
10.34
10.9
12.3
12.59
11.18
10.81
12.02
9.77
9.49
9.12
9.49
7.15
9.68
10.15
7.06
7.62
7.06
5.84
10.9
6.5
5.65
9.12
9.03
8.74
6.78
7.06
6.5
4.43
4.43
6.87
3.59
5.75
2.94
0.87
6.78
5.18
2.94
2
6.21
4.25
6.4
4.81
3.87
2.09
1.34
-0.25
1.62
0.69
0.78
1.53
0.03
3.4
5
6.59
6.68
6.68
7.43
7.81
1.15
2.47
2.19
4.53
7.81
8.18
2.75
5.46
4.34
4.25
4.25
2.19
1.81
-0.53
-1
1.81
3.4
1.34
-0.06
2.28
-0.91
-2.41
-2.5
-1.09
3.12
3.78
-3.25
-2.03
-2.12
-2.12
-5.03
-1.94
-1.75
-1.28
-1.37
-1.28
-2.22
-4.28
-3.06
-2.87
-8.03
-5.03
-3.44
-5.03
-4.84
-7.84
-14.87
-16.46
-15.8
-14.87
-13.09
-12.06
-16.08
-15.9
-12.34
-9.15
-17.68
-16.37
-2.22
2.75
-7.46
-5.78
-1.37
-2.12
-6.62
-15.15
-18.43
-10.74
-9.71
-7.37
-3.06
-2.5
-6.53
-6.43
-7.09
-5.97
-4.47
-6.15
-4.94
-3.81
-4.75
1.06
-1.84
-3.81
-7.65
-5.87
-4.75
-4.75
-14.87
-8.78
-0.72
-7.65
-10.74
-3.62
-0.44
-2.12
-4.56
-4.65
-3.9
-5.68
-2.97
-1.37
-3.06
-5.22
-14.96
-9.34
-5.87
-4
-4
-3.44
-5.68
-6.15
-6.62
-2.22
-1.56
-4.09
-1.56
-3.25
-9.53
-13.27
-8.4
-4.65
-2.97
-10.74
-14.59
-4.37
-2.78
-3.34
-2.59
-3.9
-4.94
-11.59
-7.93
-7.18
-4.56
-9.99
-12.99
-16.55
-12.15
-4
-5.12
-10.37
-2.78
-2.22
-3.34
-6.72
-6.62
-11.68
-11.03
-7.93
-4.28
-9.34
-8.5
-12.81
-12.81
-12.81
-10.18
-9.25
-7.56
-1.75
-1.19
-1
-2.22
-4
-2.78
-2.31
-0.63
-1.47
-0.16
-0.34
-0.91
0.78
1.53
0.22
0.22
2
3.03
2.94
-0.63
-0.81
-2.5
-1
-2.78
-1.75
-1.66
2.56
4.62
4.43
1.72
-0.63
0.5
-0.53
-3.9
-2.97
-1.09
-0.53
-0.16
0.69
2.37
2.94
4.62
2.84
3.5
5.65
3.78
5.28
5.84
7.53
7.71
7.9
7.62
6.31
8.46
9.31
10.81
9.96
9.77
7.43
4.62
4.81
6.4
6.21
6.4
5.93
7.34
9.96
11.55
13.99
14.83
11.65
13.34
11.27
10.24
9.59
9.21
9.12
8.93
12.02
12.77
15.4
16.99
13.71
12.59
15.4
16.61
13.52
14.74
14.37
16.15
14.83
15.86
16.61
16.15
16.15
16.71
17.36
19.14
19.43
20.36
17.93
16.61
15.96
15.02
14.18
14.37
13.24
12.49
12.59
12.87
12.68
11.27
11.84
12.87
11.65
10.99
11.46
12.3
14.74
12.87
14.65
15.3
13.52
11.55
11.65
13.24
12.4
12.96
12.68
10.99
9.59
8.37
10.81
11.84
9.96
9.4
10.24
8.65
12.77
11.93
14.27
14.55
14.27
14.08
11.65
10.24
11.65
10.43
12.3
11.65
11.65
11.46
10.71
12.77
9.77
6.68
10.24
9.31
8.65
9.68
10.52
11.55
12.49
7.53
7.9
9.87
9.4
10.34
8.74
7.34
7.99
7.34
12.21
10.99
10.71
7.99
6.21
7.71
6.12
9.96
8.74
9.87
8.46
12.87
11.84
9.49
9.59
8.84
7.06
8.09
5.84
5.75
9.87
3.97
4.72
2.94
6.78
7.34
7.06
6.5
6.59
2.75
2.28
0.41
1.06
-0.81
-2.78
-0.06
2.65
2.56
-0.91
-1.37
-1.19
0.31
1.72
-2.22
-0.16
1.72
-3.44
-4.94
-3.62
-1.19
-1.84
-8.78
-9.71
-5.68
-1.47
-7
-6.9
-8.68
-1.94
-1.75
-7.84
-9.06
-2.87
-0.53
1.72
-2.59
-4.56
-5.22
-3.15
-4.19
-0.81
-4
-11.87
-13.84
-13.74
-7.84
-3.15
4.43
4.43
-2.59
-7.84
-7.84
-11.68
-17.4
-19.65
-18.8
-15.71
-9.9
-7
-9.9
-11.31
-6.72
-4.37
-6.53
-1.94
-6.25
-2.03
-6.81
-10.46
-11.49
-9.06
-10.18
-13.27
-16.55
-5.5
0.87
-2.41
-7.28
-8.5
-5.87
-6.43
-4.47
1.25
2
-3.62
-1.66
-5.03
-7
-9.71
-7.09
-9.9
-5.12
-3.62
-0.25
-3.81
-5.5
0.03
-0.63
0.22
2.75
2.28
0.69
-2.97
2.94
4.43
2
-0.81
-4
-2.5
-3.06
-4.84
-2.03
4.43
3.78
2.75
1.06
-0.06
1.81
3.59
4.06
-1.09
2.37
2.47
-1.84
-5.5
-2.12
-1.94
-1.37
-2.22
-2.59
0.22
-3.25
-4.47
-6.62
-1
-3.15
-4.84
-4.65
-1.84
-5.97
-2.87
-2.22
-1.56
-1.37
-2.03
-3.34
-1.66
-1.75
0.97
0.03
1.53
0.03
0.03
2.84
-1.47
0.59
-0.44
-0.16
-3.53
-0.63
-2.78
-2.78
1.44
1.53
-1.84
-2.12
0.22
-3.06
-2.22
2
1.25
3.78
2.65
2.84
1.72
1.15
-2.41
-2.22
-0.44
-2.03
-1.94
-0.25
0.69
2.28
-0.06
3.59
5.84
5
7.81
7.53
4.9
1.44
2.47
1.53
2.65
3.87
1.34
-0.91
-0.16
-1.66
1.62
2.65
3.78
3.12
3.4
1.9
7.99
9.03
5.93
4.34
4.9
6.31
7.06
5.93
4.25
4.25
3.78
4.15
7.53
7.43
7.34
6.31
6.96
7.81
8.74
11.27
12.68
12.96
12.59
11.46
7.81
8.74
7.99
7.43
4.25
2.37
4.62
3.78
6.59
8.18
9.21
8.74
10.71
8.56
9.59
8.74
10.99
12.59
15.49
14.65
13.9
14.55
13.8
16.33
18.96
18.11
16.43
16.61
13.99
10.43
9.96
15.02
12.49
13.15
9.31
8.65
9.12
12.4
14.55
16.9
17.36
17.74
17.55
17.83
15.58
15.12
15.58
13.9
9.68
10.62
11.74
11.37
10.34
9.96
10.71
12.4
15.12
15.86
15.4
16.71
17.83
16.99
15.4
12.96
15.12
12.77
8.18
8.84
11.55
11.18
9.87
11.37
13.24
12.96
12.77
12.87
11.27
12.12
11.55
10.06
11.65
8.74
12.59
10.81
9.4
11.09
11.09
14.55
9.49
8.18
7.71
6.59
7.06
7.15
8.65
6.68
7.99
11.74
7.06
7.43
7.06
6.68
9.59
10.81
8.56
7.71
4.81
3.78
4.62
5.37
4.34
4.43
6.21
3.5
3.22
4.62
9.49
7.71
14.18
9.12
9.87
10.15
6.96
4.43
3.78
4.53
5.56
9.03
5.18
7.53
1.62
2.19
2.09
3.31
3.97
-0.81
2.19
-2.03
-0.91
-3.72
-0.34
-0.25
-0.81
-0.81
-0.16
1.15
3.31
4.62
4.53
6.96
5.28
2.37
4.15
2.19
-1
-0.06
1.25
2.56
1.9
2.28
-0.16
2.28
2.84
2.94
1.15
0.97
0.22
1.25
0.87
4.15
-1.47
-2.78
2.75
-1.66
-4.56
-5.4
-6.81
-5.5
-3.15
-3.72
-5.4
-8.21
-14.02
-9.15
-8.03
-3.9
-7.65
-8.12
-10.09
-9.81
-10.37
4.62
0.87
-6.81
3.59
-5.31
-0.81
-5.78
-6.53
-9.34
-9.81
-15.52
-20.96
-21.33
-15.34
-10.74
-6.43
-8.03
-12.52
-9.71
-7.75
-8.31
-11.03
-0.63
-3.9
-11.12
-15.8
-18.43
-19.27
-21.61
-20.11
-21.99
-15.99
-10.28
-8.31
-10.74
-4.47
-4.65
-4.09
-3.34
-0.44
-2.59
-6.25
-5.03
1.81
-2.22
0.31
0.87
-3.72
-5.12
-5.31
-2.87
-2.31
-6.15
-11.21
-4.84
-6.15
-8.5
-7.93
-3.62
0.12
1.53
0.5
0.78
-1.94
3.78
4.53
2.84
-3.34
0.03
-0.16
-0.81
-1.47
-1.84
-2.12
-5.12
-8.12
-10.65
-2.78
-1.47
5.46
-1
4.43
7.34
1.06
-0.81
-0.16
-0.53
-4.37
-3.81
-4.56
-5.68
1.72
1.9
-0.63
-3.44
2.09
-0.81
-1.66
-2.78
0.41
-2.5
-1.94
5.28
6.5
6.31
5.28
4.25
1.9
3.87
4.62
2.47
3.4
2.65
2.19
0.59
0.41
1.25
3.78
8.46
6.4
0.22
-0.81
-1.75
-0.91
-0.53
-3.15
-2.12
3.78
1.53
3.12
3.03
3.03
1.53
2.75
2.28
0.03
2.19
4.9
2.75
6.03
7.62
6.31
6.59
6.87
6.87
2.19
2.75
7.34
11.93
12.4
11.84
12.12
12.4
10.9
11.84
11.74
12.49
11.27
11.93
7.43
8.74
8.46
8.56
10.06
6.96
6.87
6.87
6.68
7.81
8.09
7.53
4.62
5.84
5.65
5.37
5.84
10.06
9.4
9.12
10.9
8.37
9.49
10.06
10.81
12.4
11.84
8.84
11.27
12.21
14.74
15.3
13.52
13.9
12.4
14.46
14.65
9.68
8.93
10.15
14.55
10.99
11.74
11.18
11.65
11.55
11.65
11.74
10.81
12.3
11.18
9.59
10.71
11.74
10.15
8.74
10.24
11.09
7.53
11.65
10.99
11.84
10.43
11.46
11.18
14.27
13.24
14.93
16.8
16.05
15.96
15.02
12.12
11.65
12.96
15.21
15.02
15.96
16.24
15.86
12.77
14.93
13.99
17.27
16.05
16.52
13.34
11.18
11.84
11.65
10.99
12.02
11.93
14.55
13.62
12.21
10.99
13.52
10.15
11.37
11.46
10.06
11.18
9.68
10.15
9.49
11.18
8.74
6.96
11.37
13.24
13.52
12.59
9.77
8.28
8.56
8.56
8.56
8.18
6.96
9.03
9.49
6.21
9.87
8.74
7.9
7.43
7.9
4.06
4.06
4.15
8.74
5.65
2.19
3.78
4.62
2.84
3.5
2
-1.47
5.93
5.75
1.62
3.12
3.03
7.62
6.78
3.4
2.47
2.94
3.22
7.62
5.09
1.06
-0.34
5.84
3.87
4.53
8.09
6.5
0.69
3.03
0.87
-4.09
-4.94
-5.68
-6.06
-6.81
-6.9
-6.34
0.31
3.03
0.59
1.53
-1.84
-1.75
-1.09
-3.72
-5.5
-4
-4.28
-4.65
-7.65
-9.53
-6.25
-3.81
-2.69
-1
-0.81
-1.09
0.03
-3.62
-7.18
-5.12
-10.09
-14.02
-15.24
-9.06
-4.19
-12.81
-14.3
-8.4
-5.59
-12.43
-11.31
0.87
2.56
-1.84
-5.68
-2.78
-3.62
-5.5
-5.4
-6.53
-10.18
-4.84
-11.96
-8.12
-3.9
-7.09
-5.87
-4.94
-6.06
-13.84
-15.34
-9.71
-3.06
0.59
0.87
-0.44
-2.22
-6.81
-2.5
-9.81
-13.09
-9.43
-2.97
-8.12
-6.34
-3.9
-2.97
-10.74
-8.03
-9.71
-8.96
-13.09
-13.18
-14.77
-16.27
-18.9
-20.11
-21.24
-15.34
-9.43
-3.62
-8.03
-6.15
0.87
-5.22
1.44
-5.78
-8.68
-10.93
-7.18
-4.75
-6.43
-9.43
-8.21
-9.9
-16.55
-17.77
-18.8
-19.55
-19.83
-11.49
-8.31
-12.81
-14.59
-16.08
-18.43
-14.96
-11.4
-9.99
-11.21
-7.28
-3.62
-2.12
-2.59
-0.34
-1
-0.81
-6.62
-10.65
-8.4
-5.68
-4.28
-3.62
-5.22
-8.68
-4.09
-2.59
-1.56
-1.47
-1.56
-1.75
-1.47
-0.91
0.59
-1.94
-2.97
-2.22
0.31
1.25
1.34
-2.78
-0.91
0.41
2.47
0.41
0.97
3.31
3.5
0.87
0.59
-0.91
0.97
4.81
5
1.81
1.53
3.59
0.78
4.53
1.9
3.4
6.21
7.15
2.47
3.97
5
2.47
-0.06
-3.44
-2.59
-1.94
-1.75
1.81
2.65
3.03
3.59
2.75
1.44
4.53
4.25
2.28
6.68
2.84
4.06
5.65
5.18
4.43
5.18
6.5
6.96
6.68
6.68
6.96
7.34
6.78
6.4
5.56
6.5
7.06
7.62
8.65
9.59
8.28
5.75
5.37
7.25
7.34
10.9
12.4
13.52
12.87
8.93
5.65
6.12
7.06
7.71
6.12
6.31
7.25
6.68
7.15
7.06
9.12
9.03
8.65
8.74
9.59
8.84
9.31
9.49
8.09
9.59
10.15
6.03
8.56
10.15
10.62
10.06
11.37
12.12
10.71
12.12
11.27
13.43
16.33
18.02
18.96
20.36
20.17
21.02
17.74
14.46
14.93
12.12
12.77
11.09
12.12
12.3
12.87
12.4
12.96
12.02
13.71
13.8
13.71
14.74
13.99
16.05
14.37
16.24
16.61
17.27
16.33
16.61
15.58
16.24
15.3
14.93
12.96
13.43
13.52
9.59
14.18
12.02
11.84
9.77
11.46
10.15
14.46
12.4
13.43
12.77
11.84
12.3
11.55
13.99
10.71
11.27
10.34
10.62
9.31
8.56
12.96
12.3
13.24
12.96
12.96
12.3
9.03
5.37
7.99
8.37
7.81
9.59
7.62
5
6.5
10.52
10.99
6.59
5.37
7.53
4.72
6.5
4.53
9.21
3.4
3.5
7.71
3.03
1.9
0.78
0.41
2.94
1.72
3.4
-1.66
2.28
6.21
4.81
1.06
4.34
5.84
4.43
3.03
3.4
3.78
2.65
2.84
3.4
4.15
2.94
1.72
-2.69
-2.78
2.84
-1.94
-0.63
-1.47
-3.25
-1.84
-1.66
-0.63
-0.72
-0.25
-0.06
2.19
1.72
0.22
-0.34
-3.62
-2.03
-3.9
-3.34
-5.12
-1.75
-2.97
-0.91
-3.34
-3.44
-12.06
-13.46
-8.5
-13.55
-15.8
-8.21
-2.22
-1.94
-2.03
-0.91
1.81
0.59
2.47
-3.9
-2.41
-2.69
-8.87
-6.53
-2.97
-7.93
-8.03
-12.24
-12.9
-8.21
-8.4
-5.78
-6.62
4.81
1.72
-3.44
-4
-1.19
-4.37
-5.97
-2.97
-1.37
-11.68
-4
-7.65
-11.12
-5.22
-10.28
-3.15
-0.53
-3.34
-6.72
-0.63
-1.47
1.44
-3.06
-6.9
-6.9
-4.94
-4.37
-9.71
-10.09
5.37
-0.44
-3.81
5.93
3.97
3.68
-2.97
-1
-4.28
-9.9
-9.25
-11.77
-13.27
-15.15
-13.18
-6.43
-1.84
1.34
2.37
-5.03
-7.28
-7.84
-5.12
-1
-3.44
-6.06
-5.68
1.62
-0.34
-1.19
-0.53
-3.9
-4.47
-4.28
-7
-8.59
-11.21
-15.24
-16.65
-10.46
-3.34
-3.81
0.03
1.25
-1.66
-1.28
-5.87
-3.72
1.53
-1.66
2.37
1.34
-1.28
-0.63
-0.72
0.5
0.12
0.12
2.19
1.9
-0.06
-0.72
-3.34
-5.78
-6.53
-4.37
2.47
6.4
3.03
-0.63
0.59
0.59
1.06
0.97
0.12
0.41
0.03
-1
-2.97
-4.65
-3.44
-4.09
-3.15
-3.25
-1.37
1.34
-1.09
3.5
3.22
2.65
5.18
7.06
5.28
1.06
-0.81
-1.94
-2.69
-0.44
2.19
3.22
1.25
0.31
1.25
1.72
0.5
4.15
2.65
3.68
4.34
4.34
3.4
3.97
5
5.37
3.31
7.15
6.4
6.96
4.9
2.75
2.37
3.4
0.78
6.4
10.99
10.99
9.12
10.06
12.21
13.05
13.52
13.52
12.77
14.46
14.65
15.4
14.55
14.46
16.33
15.77
15.96
16.33
16.71
17.27
15.12
15.3
16.61
17.83
15.77
15.49
15.12
15.58
17.27
12.77
12.96
12.4
13.71
12.02
9.03
10.71
12.59
11.74
12.21
9.49
10.43
13.15
15.3
16.24
14.18
10.99
10.9
13.62
11.46
10.15
11.09
12.21
13.24
15.12
17.93
16.33
16.61
12.12
11.84
10.43
12.96
10.81
12.3
12.49
12.68
15.68
12.4
13.71
10.71
14.93
12.77
10.15
12.68
12.3
10.71
12.59
12.3
12.59
9.96
10.06
10.62
11.09
10.81
9.49
11.74
11.55
10.43
6.68
11.74
13.62
9.68
10.52
8.84
11.37
7.81
11.18
10.34
10.52
11.18
8.28
10.43
9.96
9.77
7.34
8.65
8.84
10.9
9.87
7.9
9.68
7.53
7.53
6.12
8.09
7.34
3.68
6.31
8.09
5.37
9.49
5.56
9.49
4.25
7.71
5.93
8.18
4.81
6.87
8.28
7.34
8.28
8.28
9.59
10.34
8.65
9.68
3.59
5.09
7.43
5.75
3.31
2.84
3.59
2.56
3.22
3.4
2
12.12
6.12
5
1.44
-2.59
1.44
0.59
-1.66
-2.59
-4.28
-2.22
-1.28
-1.47
-3.44
-8.78
-7.46
-3.53
-1.94
-2.78
-3.06
-3.15
-3.81
-9.53
-8.12
-4
-4.09
-0.34
-3.53
-4.84
-0.91
1.06
-9.06
-5.4
-1.28
-4.09
-1.75
-3.53
-6.34
-9.53
-11.03
-6.34
-4.65
-2.97
-3.06
-12.24
-13.27
-10.37
-5.78
-4.37
-5.12
-11.49
-3.44
-11.49
-6.81
0.5
0.03
-0.25
-4.56
-8.59
-8.96
-11.4
-6.15
-7.75
-8.5
-2.22
-8.87
-9.99
-5.59
0.03
1.06
-3.25
1.25
-1.37
-8.4
-16.37
-18.05
-16.18
-14.77
-8.59
-3.53
-7.93
-5.78
-6.9
-10.56
-11.77
-9.06
-8.31
-6.15
-8.87
-6.25
-0.16
-5.97
-1.19
-1.94
-2.22
-3.06
-4.28
-4.94
-6.43
-3.53
0.59
2.09
0.5
-7.28
-6.62
1.15
-0.91
-4.84
-5.59
-10.93
-15.15
-10.18
-14.77
-19.65
-16.55
-6.34
1.44
-8.21
3.87
5.18
-1.66
-6.43
-10.28
1.62
-2.31
-3.25
-6.9
-7.75
-7.84
-8.12
-1.84
-3.06
-2.5
-2.97
-2.03
-5.68
-8.59
-9.9
-7.09
-5.12
-2.78
-1.84
-4.37
-3.72
-10.18
-12.81
-12.15
-8.5
-1.09
-0.34
-1.19
-1.84
2.28
-1.75
-5.4
-2.97
-0.16
-1
0.22
2.56
2.28
2.28
0.78
2.09
3.4
-0.81
-0.53
-2.22
0.31
-2.03
-0.63
-4.56
-3.81
-4.56
-4.65
-1.37
0.03
-0.34
0.59
-0.72
0.22
1.53
0.69
-0.81
-1.56
1.34
-0.25
0.22
0.31
0.69
2
3.5
1.62
2.28
-0.81
2.47
3.31
4.34
4.81
9.59
10.62
11.37
9.31
9.03
9.87
11.09
8.46
6.96
4.62
4.34
4.15
5
5.84
7.62
10.43
12.02
10.99
6.96
8.09
10.43
8.46
7.53
10.9
10.99
13.15
12.87
15.12
13.9
12.49
8.46
6.59
9.87
9.4
9.49
9.12
8.56
9.96
7.43
8.46
10.43
11.65
9.59
10.52
11.46
13.99
16.15
15.77
9.4
8.74
6.96
7.81
7.62
8.28
8.74
8.93
9.96
7.9
8.65
9.59
10.43
10.43
11.74
11.27
14.55
15.02
14.55
17.18
13.62
13.99
12.49
11.18
8.74
8.09
11.09
12.12
9.31
10.81
8.56
11.09
11.74
14.37
14.65
13.99
12.12
12.68
14.08
11.55
12.21
12.59
13.15
12.77
9.77
10.9
11.37
12.4
10.24
10.71
12.4
9.59
10.15
11.27
11.37
11.74
12.87
12.87
11.18
12.12
10.15
7.9
8.84
8.28
8.18
10.62
10.52
8.84
9.12
10.06
8.65
7.53
7.71
9.03
9.03
7.9
7.71
6.96
8.28
7.9
9.03
9.59
10.52
6.21
7.9
5.09
6.87
6.03
7.53
5.84
5.18
6.21
6.12
5.28
2.65
4.06
3.22
2.65
0.87
1.81
3.59
5.18
7.25
4.34
2.19
3.59
3.5
2.75
1.44
4.25
4.53
3.22
3.31
3.4
3.68
5.46
3.78
6.59
6.68
5
3.31
3.5
4.81
-0.16
-4.09
-1.94
-2.22
-4.65
-2.87
3.87
2.28
-0.34
-6.25
-6.34
1.25
5.09
6.4
2.28
0.12
-4.09
-3.25
-4.75
-7.93
-6.9
-2.78
-2.59
-3.25
-2.31
-3.06
-3.06
-3.44
-2.03
-0.72
-1.66
-2.41
-3.34
-7.37
-7.65
-6.62
-11.68
-12.71
-8.12
-7.56
-7.84
-4.75
-4.09
-8.4
-7
-13.84
-17.3
-12.9
-9.81
-8.12
-3.81
-7.28
-4.37
-6.62
-7.56
-3.34
-10.74
-18.52
-17.96
-12.52
-13.84
-20.77
-21.61
-7.46
-5.4
-15.34
-13.55
-1.37
-7.37
-8.4
-12.34
-15.8
-8.03
-5.78
-11.68
-21.89
-18.15
-12.24
-8.68
-8.31
-12.81
-15.34
-19.27
-13.27
-8.78
-6.53
-4.94
-11.4
-16.18
-10.28
-8.5
-8.12
-7.37
-8.78
-12.06
-18.43
-19.74
-13.37
-12.9
-13.09
-2.78
-1.66
-3.53
-5.59
-8.59
-11.68
-12.52
-8.96
-16.27
-10.56
-9.62
-8.96
-8.68
-12.06
-15.62
-15.9
-12.62
-10.84
-11.03
-10.74
-6.62
-8.03
-11.87
-18.9
-22.36
-17.58
-19.65
-12.15
-11.31
-14.3
-16.27
-13.84
-10.74
-14.68
-14.68
-10.93
-16.93
-17.3
-10.74
-15.15
-14.02
-10.65
-10.93
-1
-1
-0.53
1.44
1.34
-0.06
1.34
-0.16
-2.5
-3.62
-2.41
-2.87
-4.65
-3.62
-6.15
-7.56
-7.84
-9.43
-3.06
1.25
-1.09
-1.75
-2.5
-3.72
2.84
1.53
1.34
1.34
1.53
1.72
-0.53
-0.44
-0.34
1.25
-0.16
0.5
2.56
1.44
3.4
1.62
3.5
3.87
3.03
0.12
0.22
1.15
2.28
3.22
1.62
6.5
6.78
6.68
5.18
5.18
6.21
6.59
4.9
3.78
5.28
6.68
5.28
6.59
3.03
5.46
8.28
5.37
8.93
10.43
11.09
10.43
9.59
6.87
5.28
5.37
4.25
4.9
6.21
5.93
7.06
6.96
9.03
9.03
7.43
5.56
5.46
6.03
5.18
9.68
10.34
10.81
10.52
10.9
6.87
10.81
10.24
9.21
8.56
7.53
9.31
12.59
15.68
10.24
7.81
6.4
5.93
5.09
10.15
11.46
8.65
10.62
10.24
12.3
12.77
14.08
14.65
15.77
13.71
11.27
13.24
14.18
15.86
16.61
17.46
16.8
16.8
17.65
17.74
14.37
16.24
17.74
18.58
16.99
15.68
13.9
14.83
14.55
17.08
17.46
17.55
13.43
14.74
15.02
15.77
18.39
20.36
17.55
15.58
17.18
18.39
19.05
16.24
16.43
15.96
14.93
15.3
13.9
12.59
11.93
13.15
12.02
12.87
10.34
9.21
10.15
9.03
8.84
10.9
11.09
9.31
11.55
11.74
11.18
10.52
11.18
10.81
9.21
6.31
8.18
8.56
7.15
7.53
8.46
10.81
10.15
8.46
9.68
9.12
6.59
7.06
8.56
8.74
6.03
7.81
8.65
7.53
4.62
7.06
4.34
2.09
3.97
3.22
8.65
12.02
10.24
2.28
0.41
3.5
4.53
1.15
-2.59
0.97
-0.25
-0.72
-0.44
0.31
2.09
8.65
2.37
1.72
0.69
2.47
6.03
8.84
9.49
4.9
-1.47
-2.5
-6.06
-5.68
-4.94
-3.44
-1.75
-0.72
3.5
2.09
2.37
1.9
0.31
-0.81
-0.25
-1.19
-1.56
-2.03
-5.12
-1.75
-0.63
-0.06
0.59
0.59
0.87
-1.94
-5.03
-7.93
-7.28
-4
-6.34
-6.72
-8.5
-12.52
-11.49
-5.22
-4.47
-2.03
1.62
1.25
-2.59
-2.97
-4.09
2.37
1.25
-5.59
-8.68
-10.65
-6.72
-7.84
-8.5
-4.65
-10.37
-2.59
-2.69
-2.59
-4.75
-8.31
-11.12
-11.21
-15.05
-8.31
-11.49
0.69
-2.22
-4.56
-9.81
-13.27
-8.12
-2.12
-3.15
-3.62
-3.34
-9.99
-6.25
-8.68
-6.72
-6.9
-8.96
-17.12
-20.77
-10.56
-6.81
-8.59
-5.22
-7.09
-5.97
-12.62
-10.93
-9.99
-4.65
-8.31
0.78
-0.25
-1.94
-3.06
-3.25
-0.44
-2.12
-4.84
-13.84
-9.53
-10.84
-12.52
-15.52
-19.27
-15.05
-11.77
-3.53
-4.47
-5.31
1.62
-0.72
3.5
-5.5
-6.81
-7.84
-9.62
-15.05
-9.99
-8.96
-2.5
-0.81
1.62
-4.84
-8.68
-7.65
-8.59
-9.62
-6.15
-1.47
-5.4
-8.03
-11.87
-11.4
-0.25
-0.06
-8.03
-10.18
-5.22
-12.34
-4.47
-2.78
-2.12
-1.84
-2.97
-1.47
-1.09
0.22
-0.81
-3.9
-3.72
-0.81
-1.94
-4.19
-0.72
0.41
2.09
5.18
3.12
-1.09
-2.97
-3.62
-4.28
-1.09
-3.15
1.15
1.72
0.78
-1.09
-2.22
-2.59
1.9
1.44
1.25
-0.25
-2.87
0.22
4.53
4.81
3.97
3.03
1.06
-0.34
0.03
1.25
1.53
0.87
0.69
5.37
8.37
3.5
-0.53
-1.47
-0.34
0.41
1.72
3.4
8.74
8.18
8.74
7.9
6.87
6.78
5.93
5.46
3.03
2.65
2
3.78
2.56
0.97
3.5
3.68
4.72
3.97
4.43
5.46
6.31
6.59
10.24
10.71
12.21
12.21
9.12
9.96
13.8
10.99
10.9
12.12
12.96
12.49
12.4
10.81
9.03
10.06
8.28
9.68
8.28
9.4
12.49
10.24
11.84
11.37
10.43
8.28
12.02
10.62
11.37
12.21
13.99
18.58
19.89
18.58
16.71
15.68
14.27
8.65
8.56
10.24
10.71
10.24
11.37
12.02
12.68
11.46
11.65
13.9
15.86
16.61
15.68
18.02
11.55
12.4
12.68
13.52
13.34
12.96
13.52
10.62
10.99
13.43
13.52
13.99
15.02
13.8
16.8
18.58
17.65
16.24
17.55
16.61
15.21
15.49
13.99
10.52
9.12
12.49
16.05
14.55
15.77
13.15
13.8
14.83
15.96
16.24
16.52
15.12
13.52
15.3
16.61
14.18
12.12
11.37
9.68
9.49
6.5
8.93
7.06
7.62
9.21
9.12
10.34
11.74
9.77
10.24
10.24
10.43
9.21
8.37
8.74
10.06
8.65
9.68
7.81
7.25
6.31
4.72
3.87
6.4
6.31
6.5
6.4
7.71
4.15
6.68
2.65
4.62
2.28
2.28
-1.84
0.87
5.37
8.74
9.87
6.21
10.52
3.59
6.96
8.28
4.81
6.21
4.9
2.84
5.18
6.87
7.06
6.96
6.5
5
0.5
1.62
4.9
5.09
7.06
5.56
8.56
2.65
-2.03
-3.25
-0.53
-2.12
-3.15
-3.53
-8.78
-5.59
3.78
-4.84
-4.56
-6.15
-6.9
-8.87
-10.93
-11.59
-7.09
-4.94
-11.31
-10.84
-10.09
-5.87
-10.84
-8.87
-3.15
-1.84
-0.72
1.06
0.5
-1.28
-4.94
-5.97
-8.5
-12.06
-12.62
-7.18
-5.4
-9.25
-12.15
-8.31
-6.9
-8.59
-6.72
-4.28
-2.69
-8.4
-11.31
-12.62
-15.05
-14.21
-9.06
-16.27
-17.12
-17.96
-21.52
-23.67
-23.39
-20.3
-22.27
-23.21
-23.58
-18.15
-17.3
-16.08
-18.24
-25.45
-22.92
-22.92
-23.58
-19.18
-9.15
-4.56
-3.34
-2.41
-2.87
-2.78
-2.78
-2.31
-2.69
-5.78
-12.06
-6.72
-5.4
-5.78
-13.46
-15.34
-10.28
-9.15
-14.12
-19.74
-20.3
-16.93
-15.62
-16.18
-17.02
-19.46
-14.49
-16.37
-14.68
-15.43
-12.71
-17.49
-19.18
-15.9
-13.46
-10.74
-11.96
-16.83
-15.43
-4.94
-3.44
-7.18
-19.36
-12.71
-13.09
-15.52
-12.9
-12.24
-10.93
-6.9
-7
-7.46
-8.4
-1.66
-3.62
-4.19
-3.44
-4.47
-6.06
-3.62
-5.87
-7.84
-7.28
-3.62
-8.12
-6.15
-6.06
-2.97
-3.9
-3.34
-3.44
-8.03
-8.5
-3.25
-3.72
-7.46
-6.25
-0.63
-3.25
-2.78
-1.75
-1.19
-4.09
-4.84
-4.94
-3.06
-3.25
-1.47
1.44
0.41
0.03
1.9
2.75
2.65
2.47
-0.91
-0.91
0.5
3.4
1.9
3.5
5.46
4.06
7.34
3.87
2.19
6.5
5.84
4.34
3.5
6.78
5.37
3.87
1.15
1.44
2.65
3.5
2.19
4.25
5.18
3.5
3.59
3.59
3.12
4.43
4.06
11.09
13.8
10.99
2.09
0.97
2.65
0.12
1.34
5.09
6.68
7.81
6.31
6.68
8.09
6.96
4.81
6.68
5.65
8.74
8.56
8.74
8.37
8.37
9.49
10.52
12.87
11.18
12.96
12.59
13.52
14.08
10.71
11.55
9.31
12.4
13.24
9.77
8.46
10.34
8.56
9.4
11.93
13.71
13.34
15.3
14.18
16.15
12.02
13.52
10.71
11.65
10.62
10.99
6.59
10.06
8.93
9.03
10.9
12.59
14.46
13.62
13.71
9.77
12.59
12.49
12.59
12.49
11.18
12.21
12.3
13.9
13.52
15.02
15.12
16.43
14.55
11.65
10.71
10.62
10.81
10.71
11.18
10.62
11.18
15.02
13.52
14.37
14.18
13.34
11.74
13.52
13.24
14.55
13.9
13.99
14.65
14.46
14.83
12.21
14.83
14.83
15.4
14.83
12.49
13.24
12.4
12.59
11.74
11.93
8.37
12.12
10.71
11.09
10.43
10.81
9.31
6.5
6.03
6.21
9.4
5.28
5.75
1.62
5.37
6.03
6.5
3.78
4.62
4.72
5.56
5.18
5.18
6.96
7.25
3.4
2.37
1.9
1.53
5.84
6.87
3.59
2.94
2.65
1.72
0.69
6.4
3.4
4.43
9.12
7.34
2.56
3.12
3.12
9.68
3.5
1.9
3.22
4.25
3.4
0.87
1.9
3.97
4.15
0.78
-0.06
2.09
1.72
3.4
4.9
2.47
2.28
-1.66
-3.62
-0.16
2.19
5.18
-0.81
-1.09
-1.75
-4.84
-7.65
-6.43
-8.4
-9.81
-10.84
-8.31
-12.15
-4.47
-2.03
1.72
-2.12
-3.72
-4.47
-3.44
-6.25
-7.84
-13.65
-10.09
-8.68
-17.02
-18.8
-18.52
-14.87
-16.18
-8.78
-5.31
-2.59
-2.59
-11.49
-15.71
-5.87
-3.9
-5.22
-8.59
-8.03
-14.02
-15.99
-19.74
-16.08
-15.24
-10.74
-20.86
-20.86
-15.71
-17.96
-19.18
-14.96
-9.53
-12.52
-11.4
-13.37
-11.12
-13.55
-20.02
-20.68
-14.49
-21.8
-21.43
-19.55
-20.02
-19.08
-17.3
-20.3
-18.24
-18.05
-12.15
-5.22
-1.47
1.06
-5.68
-8.87
-6.43
-7.37
-12.06
-6.53
-8.03
-11.03
-15.43
-11.96
-11.68
-3.53
1.72
2
2.19
-4.19
-11.77
-12.34
-10.74
-1.19
-7.09
-6.06
2
-0.63
-1.66
-0.25
-1.19
-3.44
-8.31
-10.65
-13.55
-18.33
-12.43
-4.09
-4.65
-3.34
-4.37
-2.03
1.9
-0.44
-1.19
-0.91
-2.03
-0.16
1.15
3.31
2.28
2.84
-0.44
2.37
0.5
4.15
3.68
-0.72
4.9
1.34
3.4
-3.25
-3.81
-4.28
-6.43
-8.87
-5.97
-7.46
-6.53
-5.22
-4.94
-2.41
-2.59
-0.91
3.12
3.22
1.25
4.06
8.18
6.4
5.37
2.37
0.59
-0.91
-1.66
-3.44
1.06
3.68
5.09
2.75
1.25
5.46
2.09
2.19
5.18
5.09
2.84
-0.81
-0.63
1.06
0.03
-0.63
-2.31
0.97
1.34
2.37
3.5
6.59
5.37
9.96
10.62
4.53
1.53
0.22
2.47
2.28
3.4
4.53
3.78
4.34
7.25
7.06
7.62
6.96
8.28
11.27
10.62
6.87
6.4
5.56
4.25
4.25
6.96
6.5
4.72
7.25
6.96
9.59
8.28
11.65
14.08
14.83
13.52
11.84
11.46
13.15
14.65
15.4
12.87
15.02
13.99
15.4
15.96
12.96
11.93
10.71
10.34
10.24
10.81
11.37
11.09
10.15
10.62
10.99
7.81
10.34
12.4
12.02
14.74
13.52
15.96
15.68
13.52
15.12
14.27
16.15
16.24
13.43
13.8
16.71
16.05
15.49
16.8
15.77
15.21
13.15
14.37
13.9
15.58
18.02
18.3
16.99
16.24
15.3
14.08
13.99
14.65
12.59
12.77
13.15
12.87
13.9
13.05
13.15
15.02
15.68
16.61
16.52
15.77
16.15
18.3
16.99
16.99
17.27
16.43
16.9
16.71
16.8
15.77
14.74
15.3
15.02
16.43
11.55
13.9
11.84
15.58
11.18
14.37
14.74
13.71
14.27
12.68
12.49
10.81
11.46
10.99
10.71
9.87
10.24
8.93
8.93
6.12
9.21
7.34
8.28
3.12
8.93
8.46
3.87
5.75
6.96
9.96
7.34
9.68
8.18
6.78
6.68
3.59
4.9
4.72
4.15
0.97
3.59
2.56
5.93
3.4
5
6.03
7.15
1.53
4.34
3.59
3.31
1.44
-1.47
-1.56
-3.06
0.31
4.62
5.65
-0.44
1.34
2.28
-3.15
-2.41
-5.12
-6.34
-8.5
-7.75
-2.5
-2.12
-3.15
8.09
-1.56
-6.43
-6.81
-3.81
-3.15
-2.12
-1.28
-0.91
-0.44
0.22
0.31
-0.16
-2.22
-1
-0.06
0.78
-0.34
-1.84
-2.12
-1.84
-3.15
-3.15
-8.21
-5.78
-5.78
-9.9
-11.4
-7.46
-5.12
-4.75
-4.56
-7.37
-16.46
-14.4
-8.96
-5.97
-3.44
0.03
-1.09
-1.47
-1.37
-3.44
-5.03
-8.5
-3.9
-3.06
-4.37
-8.78
-11.49
-9.53
-9.53
-8.21
-5.87
-4.19
-3.81
-5.78
-8.78
-8.87
-7.65
-5.59
-4.09
-1.75
-1.56
-1.84
-3.44
-6.25
-11.87
-9.71
-14.68
-5.12
-2.78
-3.44
-3.15
-1.56
-1.09
-2.31
-5.78
-10.65
-8.21
-12.24
-17.86
-9.62
-6.9
-10.93
-13.55
-11.31
-0.63
-8.31
-9.43
-7.37
-16.37
-10.74
-9.99
-14.3
-14.96
-13.55
-6.53
-2.69
-5.12
-1.94
2.28
-0.81
-2.78
-4.84
-3.81
-3.25
-2.12
-6.62
1.62
4.34
2.09
4.06
-0.25
4.81
-0.53
1.15
3.4
0.03
-2.22
-5.03
-11.68
-12.34
-9.15
-10.46
-5.59
-13.46
-11.21
-8.59
-9.43
-4.28
-6.62
-2.69
-2.41
-1.94
2.09
-0.63
0.22
-2.03
-0.72
-1.28
1.25
-0.44
-2.5
0.5
1.9
2.09
0.03
3.59
2.56
4.53
0.41
-1.66
-3.44
-4.09
-2.59
0.12
-1.19
-0.16
-1.94
-0.72
-1.47
-1.75
-2.69
-1.56
-0.44
-0.16
1.34
0.97
2.28
1.53
3.31
3.12
3.87
3.97
4.9
5.18
4.06
3.78
6.03
5.65
5.93
6.87
3.97
4.62
5.37
3.03
2.94
8.84
4.81
9.4
7.06
6.5
8.84
10.9
12.68
12.4
12.49
11.09
10.43
5.37
5.75
4.53
5.65
7.43
6.96
3.5
6.21
9.68
12.02
13.24
13.8
8.65
6.78
6.4
9.96
7.62
8.93
8.74
10.9
9.21
11.74
11.65
10.81
9.49
8.74
9.87
9.31
9.77
8.65
9.49
11.46
14.08
11.09
10.81
12.02
13.8
11.55
11.84
10.71
11.74
12.3
11.74
13.8
13.15
11.55
11.74
11.18
8.84
15.21
12.49
11.55
12.4
12.59
11.09
9.21
11.09
10.43
10.43
9.96
11.27
13.05
13.62
15.21
12.68
12.02
10.34
11.55
12.4
12.21
11.18
12.3
12.12
13.05
12.12
12.68
12.02
11.18
11.46
11.93
8.84
11.46
10.71
13.62
12.3
10.71
11.65
13.62
10.52
8.56
10.52
11.09
10.06
11.37
10.06
10.9
9.68
6.78
6.4
6.59
10.34
10.34
9.31
7.71
6.96
9.49
6.21
9.87
7.53
8.28
11.09
8.46
11.46
11.84
10.24
10.24
8.28
10.43
10.15
8.09
9.4
8.74
8.37
7.43
9.4
9.96
7.62
8.37
6.21
4.43
4.9
5.09
6.96
6.03
3.03
0.78
0.5
-1.47
-1.47
-0.63
-1.56
1.44
3.87
4.9
3.4
3.4
0.03
2.56
3.22
1.62
-2.69
1.44
-1.47
-2.69
-3.53
-1.19
2.84
3.59
2.75
2.94
-0.34
-2.03
-1.84
-2.12
-1.28
-0.91
-1.66
-5.5
-7.56
-7.18
-8.78
-8.68
-7.75
-3.62
-2.12
-2.69
-10.46
-13.74
-8.96
-6.72
-11.59
-12.81
-11.31
-14.59
-18.15
-7.84
0.78
-0.72
-4.56
-3.06
-1.47
-1.84
-4.84
-3.62
-2.78
-4.09
-5.87
-1.75
-4.37
-7.46
-11.59
-16.37
-15.62
-13.27
-13.09
-10.84
-11.96
-9.34
-8.12
-0.44
-1.37
-0.44
3.03
-5.03
-5.12
-9.34
-12.24
-9.62
-7.28
-5.68
-9.43
-6.43
-8.03
-12.99
-9.06
-3.15
-3.34
-2.59
-1.84
-1.47
-6.25
-5.5
-5.78
-12.15
-12.81
-17.3
-14.68
-14.77
-14.68
-14.4
-17.02
-12.62
-10.09
-5.22
0.22
0.31
-2.87
-7.84
-4.84
-2.5
-4.47
-6.43
-9.06
-14.49
-15.62
-10.65
-4.09
1.06
-1
-0.81
-1
-0.06
-4.19
-9.9
-14.87
-15.43
-15.8
-14.96
-11.96
-10.37
-4.84
-0.81
-3.81
-4.19
-7.37
-5.97
-7.84
-9.25
-4
-7.09
-11.59
-8.68
-2.78
-9.15
-3.81
-0.81
0.59
-4.28
-4.56
-3.15
-2.41
-1.66
0.03
-2.97
-7.18
-10.93
-9.06
-5.22
-4.94
-5.03
-1.66
0.31
-0.44
1.34
-0.91
-3.72
-1.47
-4.28
-4.37
-2.12
-0.81
1.44
-0.91
1.81
3.4
1.06
3.4
2.94
3.4
1.53
-0.34
1.44
2.56
2.28
8.37
6.87
4.15
-0.06
-1
0.31
-0.06
-0.25
2.19
1.44
3.59
1.62
1.9
3.4
5.09
6.87
6.59
6.31
6.96
6.78
4.25
5.75
3.68
2.94
4.81
4.81
5.56
6.78
6.96
5.37
0.87
1.53
0.97
1.34
1.15
2
5.09
5.84
6.78
10.06
11.18
11.65
9.21
9.21
8.09
6.68
6.78
5.46
9.49
11.09
11.37
8.28
10.34
12.77
12.4
9.77
10.43
10.9
10.81
10.34
9.68
9.59
8.84
10.81
10.62
10.9
12.87
13.62
13.05
13.52
10.9
12.49
12.3
7.62
8.93
9.03
9.87
11.74
8.93
9.4
12.12
11.46
10.9
11.09
12.59
12.12
10.52
14.37
14.74
12.12
14.55
17.55
18.02
17.08
18.11
16.71
13.71
13.71
10.99
12.02
13.43
13.24
12.87
14.46
13.71
10.06
13.34
10.99
12.02
12.68
14.18
15.96
14.93
14.65
15.02
14.93
15.02
15.4
15.96
12.12
11.65
13.15
11.84
10.62
10.9
10.43
8.74
8.84
10.71
12.68
10.43
11.65
10.34
10.71
10.99
9.4
9.03
9.31
8.93
10.24
13.24
14.74
12.68
11.84
8.09
7.53
14.27
15.3
16.9
12.96
12.59
11.93
10.9
10.43
7.99
5.93
11.93
10.43
7.62
9.87
10.62
9.12
10.15
8.93
9.21
10.15
8.84
7.81
9.96
10.24
9.59
9.68
9.4
6.87
6.03
7.06
3.97
3.03
4.34
3.97
1.15
0.41
1.62
1.25
1.15
3.59
5.56
2.94
2.09
-0.72
-3.15
0.87
1.53
0.69
-0.25
-1.28
-0.34
0.97
1.15
2.84
2.84
0.97
4.43
2.94
3.97
4.43
5.65
5.65
1.06
6.5
6.12
3.22
2.75
2.19
-1.37
-4.47
1.34
3.68
6.21
-4.47
-5.87
-6.06
-8.03
-5.12
-6.43
-8.21
-2.12
-2.12
-4.28
1.34
0.41
-0.25
3.22
3.78
2.09
-0.53
-1
-1.56
-9.43
-11.31
-13.18
-4.75
-3.15
-6.06
-8.12
-7.28
-11.96
-8.96
-8.59
-19.36
-20.86
-17.21
-8.68
-6.34
-11.03
-11.68
-18.61
-11.49
-3.53
-0.53
-0.16
-1
-4.84
-4.65
-8.31
-16.37
-14.87
-9.99
-9.34
-3.06
-1.09
-8.12
2
-0.72
2.94
-3.53
-5.03
-3.44
-4.09
-6.53
-11.21
-9.43
2.56
4.72
-0.72
-5.12
1.81
-6.62
-7.65
-12.43
-11.49
-10.46
-2.12
-3.62
-6.43
-1.37
-3.9
-8.21
-10.37
-11.03
-8.21
-0.53
-2.69
3.31
2.28
-3.62
-3.44
-0.63
0.41
-0.06
-2.69
-3.44
-4.94
-8.68
-10.65
-12.9
-13.37
-11.21
-12.43
-7.18
-6.34
-2.41
-7.65
-5.87
-1.19
-0.44
-1.66
-1.84
-2.22
-3.34
-2.97
-4
1.44
1.53
-3.44
-6.25
-6.62
-5.31
-6.15
-2.87
-0.81
-1.47
-3.81
-1.37
-0.06
0.5
6.31
0.78
-1
-1.37
-3.34
-2.03
-0.25
-0.53
-3.72
1.53
2.84
1.15
0.59
-2.03
-2.78
-3.81
-5.4
-2.41
0.87
1.62
2.94
2.75
1.72
2.56
1.9
2.75
3.4
-0.63
1.81
3.22
4.25
5.56
6.12
5.93
7.71
4.25
5.28
3.22
3.4
5.75
9.49
11.37
8.18
5.65
7.9
6.78
9.4
8.74
10.43
12.21
12.4
10.24
8.84
7.53
12.77
14.18
13.05
12.87
11.09
8.84
7.62
7.06
9.31
7.81
8.09
9.31
6.96
8.74
3.97
9.03
6.21
7.34
5.65
6.21
9.12
7.81
7.15
8.46
9.77
9.03
11.37
12.4
10.9
10.9
9.49
11.37
10.71
8.09
9.77
8.56
10.62
13.43
16.05
14.65
13.15
8.37
11.18
12.3
9.49
8.09
8.93
12.4
15.3
14.37
15.02
16.05
14.74
13.99
12.59
10.15
9.4
8.84
8.84
10.43
12.4
13.99
10.71
12.68
13.24
13.8
14.37
13.99
14.46
13.05
15.21
13.8
13.8
15.86
11.84
11.55
13.9
13.43
14.65
13.71
11.65
12.77
12.68
13.9
14.37
13.24
10.52
9.87
9.31
10.62
14.37
13.71
12.21
12.12
15.21
12.02
9.87
11.09
9.49
9.31
9.4
10.62
7.81
8.84
9.31
10.71
10.71
12.02
10.9
11.18
10.81
9.59
8.93
6.31
5.46
6.4
7.71
9.96
10.43
7.9
8.65
6.03
4.72
4.15
5.93
4.9
7.62
7.99
7.99
7.71
6.87
4.81
5.46
8.46
7.71
4.53
5.84
2.84
7.62
10.24
10.24
8.74
7.71
7.71
7.06
8.28
6.4
7.81
5.65
4.25
4.72
5.56
6.03
4.72
6.78
7.53
6.87
9.21
7.06
6.96
2.19
5.46
3.4
1.15
4.25
0.69
2.65
1.53
0.5
-0.63
0.78
5.37
0.69
0.03
1.53
1.81
0.5
-0.53
1.15
1.53
2.37
2.47
2.09
3.5
1.81
0.59
-0.34
-0.44
1.25
-1.37
-1
0.03
-0.25
-1.47
-0.25
0.03
-1.37
0.03
0.87
-0.91
-1.37
0.12
-1.94
-0.06
-0.16
-2.41
2.19
5
1.25
-1.56
-1.37
0.12
-0.72
-2.31
-0.44
-0.72
-1.09
-1.47
-4.37
-4.75
-9.43
-11.87
-10.46
-10.09
-8.5
-12.9
-13.65
-11.68
-8.78
-9.43
-7.18
-12.81
-22.36
-13.18
-9.06
-6.15
-5.12
-3.81
-2.59
-2.59
-5.59
-10.09
-14.96
-5.87
-9.25
-12.81
-15.15
-15.71
-17.3
-17.3
-18.9
-21.05
-15.34
-8.12
-6.25
-5.59
-5.12
-3.72
-1.66
-1.94
-5.5
-11.21
-14.77
-15.34
-17.12
-19.36
-22.08
-25.92
-27.61
-22.83
-14.59
-13.84
-16.74
-17.3
-8.87
-3.06
0.41
1.34
-3.06
-7.65
-2.59
2.37
-2.5
-0.91
-1
-6.06
-10.56
-11.96
-12.9
-12.52
-13.09
-14.59
-17.58
-17.3
-16.74
-11.59
-8.21
0.69
-3.44
-1.28
-1.75
-1.09
-0.53
-0.44
-0.72
-0.25
-1.84
-5.97
-4.56
-8.68
-10.46
-8.59
-7.56
-8.59
-8.96
-8.21
-8.03
-7.18
-7.93
-5.97
-4.84
-1.75
-1.28
1.25
0.41
2
-0.72
0.78
0.5
0.69
1.15
1.34
1.72
0.31
-0.63
-2.41
-4.65
0.12
2.09
1.9
-1.28
1.15
1.34
2.47
3.03
3.12
2.56
1.25
1.9
3.5
3.4
4.43
3.87
5.65
6.21
7.15
3.31
3.78
5.28
7.25
9.4
10.62
10.62
11.27
11.74
11.55
8.09
9.68
5.65
6.96
7.81
8.93
7.06
5.56
8.84
10.24
9.03
6.59
8.65
11.18
10.06
6.68
6.68
8.46
8.46
7.71
8.74
9.03
9.31
9.31
6.87
7.15
7.9
7.53
8.09
8.93
9.59
9.87
9.12
12.12
11.37
13.24
13.8
11.46
9.59
11.27
15.21
14.46
15.3
16.8
16.61
12.4
15.12
13.05
13.9
15.21
17.46
19.33
18.11
18.11
19.24
17.27
17.46
15.3
12.87
10.52
11.27
11.84
9.21
10.99
10.9
12.21
11.93
13.05
13.62
12.02
14.55
13.15
13.62
14.55
13.43
14.65
14.74
12.96
10.99
10.52
9.87
9.77
14.83
11.74
9.77
11.55
7.71
11.55
12.68
10.43
10.99
11.09
14.55
14.65
14.27
13.9
11.18
10.9
11.84
11.65
10.71
13.05
13.24
11.65
14.83
9.12
11.65
11.65
10.81
10.9
10.71
6.12
9.21
10.06
9.12
8.56
6.12
6.68
9.68
9.21
7.9
6.03
7.99
9.31
8.56
8.74
8.84
11.46
11.09
9.21
7.25
9.12
7.34
6.4
5.37
5.75
4.06
2.56
1.25
1.72
5.46
6.87
8.46
6.96
4.15
6.4
7.71
7.34
7.06
6.96
3.68
8.46
3.87
0.78
3.5
6.5
2.47
2
-0.91
0.03
2.94
0.97
1.72
0.78
2.37
5.65
4.34
3.4
1.62
3.97
0.12
1.9
1.15
6.12
2.56
-0.63
-5.03
-5.12
-3.72
-5.12
3.5
2.94
-2.12
-3.72
-5.31
5.56
-3.34
3.22
1.25
-3.81
-5.97
-2.12
-2.41
-7.56
-6.06
-5.68
-4.28
-9.71
-2.78
-2.03
-0.53
-0.91
-3.72
-5.03
-2.78
-2.97
-11.21
-13.84
-6.34
-6.62
-3.9
-8.21
-10.46
-11.31
-8.59
-5.5
-11.49
-10.28
-8.78
-3.25
-11.21
-10.74
-16.83
-14.49
-10.46
-16.55
-14.68
-20.86
-19.36
-11.87
-21.8
-22.46
-8.96
-13.93
-17.77
-13.93
-14.49
-9.99
-8.87
-10.84
-9.9
-9.06
-10.09
-7.09
-3.81
-3.53
-2.12
-2.5
-3.81
-2.5
-7.56
-5.68
-6.62
-5.59
-6.53
-8.59
-12.71
-9.53
-13.18
-13.09
-5.87
-12.24
-7.56
-6.25
-2.97
-0.63
0.5
-2.31
-6.34
-10.28
-4.84
-1
-1
-8.87
-6.34
-11.21
-11.87
-3.25
2.28
1.06
-3.34
-4.47
-13.65
-13.27
-1.37
-2.5
-5.5
-5.03
-7
-4.56
-4.75
-8.5
-6.34
-6.53
0.5
1.25
-2.97
-4.28
-0.81
0.31
-2.41
0.03
1.06
-1.28
-7.65
-6.43
-6.43
-1.94
0.12
0.41
0.78
-0.53
0.41
-0.34
-3.53
-0.53
2
0.31
3.5
2.37
0.03
-0.34
0.5
2.75
3.4
3.78
3.31
2.37
4.34
0.78
1.9
2.19
3.78
2
3.78
3.68
4.15
3.59
3.31
3.5
4.15
6.03
4.62
6.78
7.06
10.15
5.65
3.68
4.06
4.43
2.84
3.78
5.46
6.5
3.87
5.65
7.53
7.25
9.96
8.65
9.49
11.09
9.77
10.06
6.5
7.71
9.03
8.46
10.15
8.93
8.74
8.93
9.21
11.09
12.96
12.96
8.74
8.84
6.87
8.28
8.28
9.77
7.43
10.81
12.77
12.68
13.62
14.37
15.21
16.15
14.46
16.9
12.49
12.12
8.84
9.4
12.12
10.15
13.34
10.99
13.8
11.93
11.37
13.15
9.77
10.99
12.96
11.27
8.65
8.65
10.15
11.37
10.9
11.46
10.06
11.74
10.15
13.15
11.09
11.93
10.06
13.71
15.21
13.8
12.02
11.84
13.43
15.12
14.83
14.93
13.62
14.83
15.12
15.4
14.74
13.99
12.96
13.34
13.34
12.59
14.93
17.36
17.55
17.93
18.86
19.33
16.8
15.58
15.49
15.21
16.24
16.33
14.65
13.43
11.74
13.99
16.43
15.77
14.37
15.58
16.71
15.96
15.21
12.68
16.33
14.46
14.46
13.71
13.34
14.37
13.52
12.96
10.71
12.4
12.12
10.81
12.21
13.71
12.12
12.4
11.84
10.15
11.27
13.15
11.55
10.52
11.09
13.24
9.12
6.59
10.34
8.09
7.34
5.28
5.28
5.65
5.56
2.94
8.09
6.31
3.22
2.84
5.28
9.4
8.18
6.68
7.71
7.9
6.68
3.4
1.9
0.31
-0.53
1.53
-1.09
1.06
0.69
0.22
0.31
0.22
-0.91
-2.97
-2.78
-8.4
-5.97
-6.15
-2.5
-1.66
1.72
-1.47
1.15
-1.75
-2.59
-4.84
-7.37
-3.25
-0.91
-8.59
-9.53
-6.62
-11.87
-4.09
-0.53
-1.94
-2.31
-6.06
-11.96
-11.87
-7.56
-5.68
-3.81
-3.15
-2.87
-5.22
-13.74
-13.46
-6.62
-5.4
-5.22
-4.37
-3.81
-4.09
-12.99
-7.56
-4.09
-5.97
-6.72
-6.34
-4.65
-3.62
-4.28
-5.4
-7.56
-14.4
-18.05
-15.05
-18.15
-18.8
-17.49
-15.15
-10.84
-9.06
-18.8
-17.02
-10.37
-3.15
-15.24
-19.74
-14.77
-11.31
-10.37
-11.68
-7.84
-6.15
-7
-14.77
-22.92
-16.65
-11.87
-20.86
-24.14
-18.33
-22.64
-17.68
-19.36
-15.62
-11.12
-7.09
-4.65
-1.56
1.62
0.12
-0.06
3.03
1.9
-2.03
-1.75
-1.09
-1.56
-4.28
-10.37
-3.06
-1.56
-3.44
-4.19
-8.21
-16.08
-20.11
-11.21
-6.15
-5.87
-6.81
-9.34
-17.68
-10.84
-4.37
0.31
-1.47
-2.59
-5.03
-8.5
-11.68
-12.43
-13.74
-13.93
-11.31
-10.09
-9.43
-11.31
-11.12
-13.09
-10.65
-7.93
-8.59
-6.62
-11.4
-12.52
-6.72
-6.06
-6.25
-4.94
-3.44
-2.12
-1.19
-2.22
3.12
-1.28
-0.16
-2.12
-3.25
-2.5
-2.03
-1.47
-1.47
0.5
-2.41
-1.75
0.87
0.87
-0.53
-0.91
1.25
1.25
0.31
1.15
2.09
0.87
1.06
1.44
-0.53
4.34
1.44
-1.19
-1.66
-0.81
0.97
1.44
-1.56
0.12
2.37
1.81
4.06
3.97
5.75
5.75
5.84
6.03
5.84
5.37
5.93
3.22
5
2.56
1.34
3.59
1.34
6.78
4.72
5.09
-0.44
1.53
4.62
6.03
7.71
3.22
6.96
5.28
4.81
5.09
4.34
5
5.28
5.93
5.93
5.65
7.62
7.99
6.96
8.74
5.65
7.81
9.21
10.71
8.93
10.15
9.68
11.09
10.43
11.18
13.52
11.18
14.83
14.37
11.84
13.9
13.15
12.21
12.12
11.55
11.84
11.65
11.74
10.24
11.18
10.81
12.12
12.87
12.68
11.27
12.21
8.46
10.81
13.62
16.61
15.86
15.96
12.87
12.4
11.74
12.21
14.55
14.83
16.24
15.58
14.55
12.12
14.18
13.9
13.24
13.71
15.02
17.74
18.96
17.08
16.8
17.65
17.65
16.8
15.02
15.02
13.8
13.62
12.96
12.77
13.71
13.43
12.49
13.24
13.9
14.74
15.02
12.4
12.68
13.62
14.27
17.08
16.05
16.15
17.93
16.05
15.68
11.37
10.24
12.68
12.4
12.87
12.96
12.59
12.77
10.24
13.24
11.55
13.99
10.06
9.49
7.15
7.99
9.21
8.65
7.43
5.75
6.03
8.65
11.09
9.68
9.77
9.49
9.68
9.87
11.55
9.96
9.31
8.65
9.59
12.77
9.49
5.18
10.24
8.09
5.65
8.09
8.18
5.56
3.12
7.99
8.46
4.25
1.15
2.94
4.53
3.78
3.97
5.75
2.19
0.87
0.31
2.47
0.87
1.34
2.47
3.03
1.81
-1.47
-2.97
-2.41
-3.72
-4.65
-3.34
-4.94
-6.34
-3.53
-4.19
-9.62
-7.09
-2.97
-6.06
0.03
6.96
-2.31
-1.09
-1.09
-1.56
-1.84
0.69
-1.47
-1.37
0.31
-0.91
-4.28
-5.4
-2.31
-1.28
-1.94
-1.56
-2.12
-1.66
-1.28
-6.43
-6.34
-3.72
-6.06
-5.5
-5.03
-5.12
-12.9
-7.93
-1.75
-1.66
-2.41
-3.25
-0.44
-1.56
-1.84
-2.22
-0.63
0.03
-5.5
-1.56
-1.09
-7
-2.87
-2.59
-5.4
-6.25
-4.65
-2.59
-8.68
-6.15
-0.91
-1
-3.62
-4.65
-12.71
-14.4
-5.87
-4
-6.43
-3.15
-6.06
-14.3
-18.8
-19.27
-17.4
-14.49
-14.77
-11.68
-11.87
-11.77
-8.12
-12.06
-10.18
-6.62
-4.94
-3.62
-5.22
-5.22
-7
-16.08
-16.74
-17.77
-15.9
-11.87
-13.65
-18.9
-14.21
-9.53
-5.87
-5.4
-7.28
-12.52
-11.49
-9.25
-8.87
-12.62
-14.96
-8.5
-3.44
1.72
-1.28
-2.87
-4.75
-8.59
-11.03
-9.43
-7.65
-7.37
-5.22
-5.31
-5.78
-6.25
-4.19
-7.28
-9.62
-11.68
-9.43
-7.93
-7.56
-4.19
-7.18
-8.31
-8.5
-11.49
-7.56
0.78
-3.06
-9.71
-13.09
-12.15
-6.43
-3.15
-3.53
-4.84
-4.56
-6.62
-5.12
-4.84
-0.72
1.06
2
3.03
1.72
0.87
-0.25
-0.72
-1.09
-1.09
-2.31
-4.75
-3.15
-0.25
-0.53
1.9
1.9
2
-0.25
-1.84
-1.66
0.41
2.09
0.59
1.25
2.47
2.28
2.28
2
1.25
3.97
5.37
4.72
4.72
6.21
6.21
5.93
5.09
4.43
4.06
5.46
6.4
5.84
5.65
4.81
3.59
4.43
5.18
7.34
8.09
6.96
6.03
8.74
10.81
11.55
11.65
12.02
10.34
7.71
4.43
5.84
5.84
7.34
9.68
9.59
9.31
6.68
4.34
4.06
2.84
7.15
7.81
7.34
7.34
10.71
9.31
9.59
9.49
11.37
12.49
12.96
13.71
10.43
11.18
12.4
10.62
8.84
9.49
11.65
10.62
12.96
13.52
11.65
8.84
8.93
9.59
7.71
6.31
6.5
8.37
7.53
10.34
9.12
10.52
11.55
12.49
11.46
12.12
13.05
11.37
9.4
10.34
10.24
10.24
10.43
10.24
12.02
11.84
12.96
12.3
11.18
9.96
9.03
10.43
11.09
10.52
11.37
11.93
11.55
12.87
12.96
13.24
12.59
10.24
10.15
12.02
14.46
14.46
14.55
14.65
15.12
16.05
14.93
14.83
15.12
15.58
15.4
15.21
16.52
16.8
16.71
17.08
12.3
14.18
13.34
11.84
11.27
13.05
11.93
10.9
10.15
6.68
6.59
7.99
9.12
8.37
8.84
9.4
9.77
9.68
9.03
7.99
9.77
9.77
10.81
12.02
9.87
8.18
6.87
7.06
7.43
7.06
8.93
7.06
6.68
3.22
5.93
6.5
6.12
6.59
7.62
6.5
5.65
6.31
7.43
5.75
6.96
7.53
5.46
3.78
1.81
1.53
4.81
4.06
5.18
4.9
5.37
4.06
0.5
-1.28
-1.94
-1.75
0.5
1.15
1.44
2.09
3.03
3.31
2.37
2.28
2.75
2.19
2.37
1.72
1.81
0.87
-1.66
-3.9
-3.72
-1.28
-0.63
-1
-2.78
-4.19
-2.59
0.87
-0.25
-2.87
-3.25
-1.94
-1.19
-1.28
2.84
0.87
-1.37
2.84
1.25
-3.81
-5.78
-10.56
-11.4
-11.49
-12.15
-9.06
-12.06
-9.25
-4.09
-4.47
-7.09
-10.93
-11.12
-8.5
-9.62
-10.56
-8.68
-5.78
-1.28
-1.09
0.97
-2.87
-5.03
-6.15
-7.37
-5.78
-6.34
-0.25
-2.12
0.69
-2.87
-7.09
-9.99
-13.65
-11.12
-4.09
-4.19
-10.93
-8.5
-14.21
-10.37
-5.5
-4.47
-1
-5.68
-4.56
-1.75
-4.84
-3.9
-3.25
-1.75
0.59
-1.19
-3.53
0.97
0.22
1.06
-0.25
-6.72
-6.25
-0.53
1.44
-3.9
-8.96
-7.18
-9.53
-8.21
-7.75
-9.99
-9.15
-7.65
-3.06
-4.75
-6.06
-0.25
-0.72
-2.59
-3.81
-4.28
-2.41
-0.25
-2.5
-4.84
-5.03
-2.59
-3.06
-4.75
-5.68
-4.94
-6.72
-11.4
-11.77
-8.03
-4.47
-5.87
-6.25
-5.4
-9.43
-13.65
-12.99
-9.81
-9.43
-9.25
-6.62
-13.37
-17.49
-12.52
-5.97
-8.4
-7.09
-4.09
-3.44
-4.65
-3.06
-3.15
-9.62
-11.03
-11.68
-9.71
-5.22
-3.25
-5.68
-6.43
-4.75
-3.9
-3.34
-2.69
-1.66
-0.63
-0.25
0.97
2.19
1.81
0.12
0.03
0.59
2.56
3.4
3.97
2.09
0.41
0.03
-1
-0.06
2.84
6.12
3.12
0.5
0.03
2.47
5.18
4.25
1.44
1.9
2
2.65
2.09
2.19
3.22
4.06
3.97
3.4
3.87
4.06
4.9
5.65
6.78
7.53
4.53
3.68
3.4
3.03
2.19
2.84
3.87
5.09
5.28
5
6.21
6.31
3.03
2.84
3.31
4.06
4.53
6.59
7.15
8.65
7.9
7.71
9.77
8.09
5.46
7.43
7.53
5.65
7.43
6.78
5.84
9.12
8.46
6.03
7.25
10.24
11.37
9.68
9.4
8.84
7.81
8.28
11.55
11.37
9.96
12.21
14.18
14.55
12.77
13.9
14.83
13.62
11.09
10.9
11.46
10.52
13.24
14.08
13.8
13.15
13.43
14.74
15.86
16.71
16.05
16.8
18.49
16.99
18.21
18.58
14.08
11.74
12.21
12.68
14.93
15.3
13.71
12.96
13.15
13.24
12.49
11.46
10.99
12.3
12.87
11.46
12.96
14.18
12.3
12.87
12.96
11.09
10.62
10.24
9.21
9.49
9.31
10.71
15.4
14.27
12.49
11.84
10.9
11.09
9.96
11.09
12.77
11.74
11.27
13.71
14.65
10.9
9.68
7.25
6.78
6.87
8.37
10.9
7.81
7.9
9.87
9.4
7.99
10.34
11.18
5
11.65
8.84
5.46
3.59
5.46
5.75
6.4
9.49
4.34
1.25
3.59
9.21
9.77
8.18
6.68
8.18
8.74
4.06
2.37
7.99
7.25
3.4
2.84
5.93
4.62
3.22
4.25
3.78
3.4
2.84
5.37
6.87
5.37
6.31
7.81
7.62
6.12
1.9
-1.56
-2.87
-3.53
-4.19
-3.81
-1.94
0.69
0.03
-4.65
-6.25
-4.84
-2.78
-1.66
3.03
4.06
5.65
7.15
5.46
2.94
4.34
4.43
2.84
3.87
2.94
5
4.06
0.5
1.06
3.4
2.94
5.84
-0.16
-5.68
-8.03
-7.46
-5.31
-3.62
-2.03
-2.69
-2.97
-1.66
-1.56
-2.78
-4.28
-9.81
-11.96
-10.93
-8.12
-5.22
-4.28
-3.9
-3.25
-2.87
-3.44
-5.4
-8.4
-6.72
-1
0.12
-3.06
-1.09
-3.72
-8.03
-6.62
-9.15
-11.03
-12.52
-9.25
-8.68
-7.46
-9.15
-7.65
-8.78
-14.49
-13.27
-9.25
-9.34
-8.03
-10.56
-13.65
-14.02
-12.34
-10.18
-11.12
-14.87
-17.49
-13.09
-5.12
-1.84
-3.15
-3.25
-2.31
-2.12
-4.09
-6.25
-7.18
-8.12
-10.46
-14.96
-13.18
-8.87
-7.75
-10.84
-13.55
-14.68
-13.93
-6.25
-1.47
-2.69
-6.34
-5.78
-4.84
-7.46
-9.15
-10.46
-9.15
-6.53
-9.25
-14.59
-17.4
-16.18
-13.09
-9.15
-4.84
-4.37
-6.9
-8.78
-12.24
-13.55
-11.77
-7.09
-2.69
-3.15
-8.59
-9.62
-8.12
-7.75
-7.84
-9.06
-11.59
-14.68
-14.49
-13.18
-13.18
-7.28
-10.74
-13.18
-7.75
-8.12
-11.21
-9.43
-7.18
-5.97
-4.94
-3.53
-2.78
-5.59
-6.72
-7.93
-6.81
-8.4
-7.18
-5.03
-3.25
-1.28
-0.81
0.41
-3.06
-2.97
-1.19
-1.66
-2.03
-2.5
-2.31
-0.34
-0.72
-1.94
-2.03
-1.75
0.97
0.12
1.15
1.44
0.78
-0.72
-0.25
0.03
0.87
0.5
2.28
2.47
3.12
3.4
2.28
2.65
2.65
2.47
3.59
2.75
3.59
5.93
8.65
8.65
8.84
9.4
11.09
11.37
10.24
9.03
6.87
5.46
3.87
3.87
4.06
5.28
5.37
6.5
7.34
6.4
6.4
6.78
6.68
5.46
5.65
5.75
8.09
7.99
8.09
6.78
8.46
10.62
8.84
7.9
9.31
10.99
12.3
13.15
15.49
16.05
16.99
17.93
17.27
12.49
13.34
15.21
15.58
14.46
13.43
12.59
11.09
9.59
10.15
10.15
10.71
12.02
11.84
12.77
14.65
14.93
15.86
15.77
16.52
17.55
17.74
18.21
17.93
14.65
12.68
13.9
11.93
11.37
11.93
11.55
14.55
15.68
15.58
15.49
15.58
17.93
18.68
17.55
16.99
16.15
18.21
17.27
17.36
16.05
15.68
15.77
13.9
14.37
14.27
15.3
15.02
15.21
16.61
14.46
13.99
13.34
12.77
11.93
13.43
14.18
13.15
11.18
11.27
11.84
11.93
11.93
12.96
12.68
12.4
13.24
12.87
12.02
12.68
11.84
11.27
9.4
9.68
9.4
9.12
10.15
9.59
10.52
9.12
7.25
6.59
7.53
9.4
7.81
8.74
10.34
11.37
10.43
9.77
7.81
7.25
9.68
9.31
9.68
10.9
9.96
10.34
10.62
10.99
10.99
9.96
8.56
7.71
7.34
6.03
5.75
6.59
6.96
4.15
4.15
6.31
3.97
3.31
4.62
5
5.75
4.34
2.84
1.34
0.03
-0.44
0.03
1.44
3.22
4.25
5
3.87
1.9
-0.53
-1.28
-0.72
-2.69
-3.34
-1.75
-4.19
-8.4
-10.18
-8.87
-3.44
0.12
3.12
0.97
-3.44
-5.87
-3.81
-2.78
-4.84
-4.28
-6.06
-6.72
-2.12
0.03
-1.19
-3.62
-1.19
-0.72
0.03
0.22
-1.09
1.25
0.97
-1.37
1.62
1.15
1.44
1.9
-2.5
0.03
2.75
0.12
-2.69
-1.75
0.69
-4.28
-1.37
1.81
0.31
-0.44
1.25
-1.19
-5.4
-7.93
-6.53
-1.66
-0.91
-4.75
3.12
4.34
1.15
-5.31
-2.78
-0.25
-5.97
-7.65
-1.94
-4.75
-2.78
-3.15
-1.94
-1.66
-4.84
-6.81
-5.68
-1.56
1.9
-4.56
-7.75
-4.09
-3.25
-2.31
2.94
-2.87
-6.9
-6.62
-9.62
-7.65
-10.74
-15.99
-14.3
-14.3
-14.49
-9.62
-9.62
-9.25
-9.71
-4.09
-4.28
-5.31
-0.91
0.97
-2.31
-4.75
-9.62
-11.03
-13.09
-15.43
-17.68
-17.21
-12.52
-7.56
-6.06
-4
-1.75
-2.22
-5.12
-7.18
-10.56
-13.27
-11.12
-9.25
-7.28
-5.5
-4.19
-3.62
-3.34
-2.78
-2.03
-1.66
-0.06
-1.19
-0.63
-0.91
-2.5
-3.15
-0.16
1.34
2.47
2.28
3.5
3.78
1.62
0.31
-0.91
-1.75
-0.72
-1.94
1.53
1.25
1.34
0.69
0.69
1.44
1.53
1.44
2.37
1.34
3.22
3.4
2.84
5.93
1.25
-0.53
-0.25
-2.31
-0.53
5.75
3.87
5.09
6.5
6.96
7.71
5.28
3.87
3.31
1.72
-0.44
2.28
2.94
7.9
6.78
8.74
7.99
7.53
6.21
8.18
8.93
9.31
10.34
10.34
9.77
8.37
5.75
6.59
6.96
3.78
4.72
5.65
6.59
4.9
4.43
4.72
4.43
7.43
7.06
10.15
9.31
8.46
8.28
9.31
9.96
8.74
7.53
8.46
5
9.03
9.77
8.46
7.43
10.71
12.21
14.27
15.21
16.9
16.8
17.65
18.11
18.3
17.55
12.49
8.93
7.15
9.4
11.37
9.4
10.52
12.96
13.99
13.99
11.27
10.52
11.27
13.24
13.15
14.18
12.68
11.55
12.21
12.49
12.12
11.27
11.84
13.34
15.86
15.49
13.43
11.65
11.27
11.84
11.18
12.02
11.27
12.02
13.62
13.05
12.21
11.84
11.55
12.12
13.15
11.46
11.65
13.62
12.68
12.02
12.4
11.65
11.55
11.84
11.84
10.9
10.9
11.27
13.9
15.12
14.93
14.55
15.86
15.68
15.02
14.93
12.59
11.65
12.12
11.27
9.4
9.12
9.21
10.99
11.46
12.21
13.15
14.27
10.9
8.65
6.68
5.28
4.81
5.18
5.37
5.93
8.56
6.59
6.68
9.77
9.77
12.68
8.46
7.34
6.68
8.65
7.25
7.99
8.37
4.25
3.31
3.68
2
1.62
4.06
5.37
5
7.15
10.43
5.93
5.09
2.28
1.62
3.22
6.12
4.43
2.47
2.47
2.65
1.72
2.09
3.22
0.69
-1.47
-0.34
2.19
2
1.15
3.03
4.9
4.81
2.09
-1.19
-1.94
1.25
2.56
3.12
0.12
-2.5
-3.25
-1.94
3.87
5.75
1.62
-1.56
2
-0.06
-2.87
0.97
-4.28
-1.19
-1.75
-2.12
1.62
-2.41
-3.62
-3.81
-3.06
-3.53
-9.43
-8.87
-2.22
-4.37
-5.12
-5.78
-2.69
-2.5
-2.22
-8.78
-6.43
-4.47
-4.47
-6.81
-5.22
-3.34
-2.78
-1.75
-4.19
-4.84
-9.9
-2.78
-0.81
-2.22
-5.97
-5.03
-4.19
-11.4
-15.62
-14.12
-12.9
-11.59
-13.09
-13.37
-13.46
-12.24
-13.84
-14.59
-15.99
-15.34
-9.99
-8.12
-7
1.44
-2.41
-2.22
-4.65
-8.21
-7.46
-4.75
-4.47
-4.84
-5.03
-5.12
-4.65
-4.28
-1.84
-2.31
-7.09
-7.84
-6.43
-1.84
0.03
-0.25
-3.34
-4.09
-3.53
-6.53
-9.62
-12.99
-8.78
-3.15
-0.91
-2.59
-5.59
-4.65
-2.5
-6.72
-4.56
-3.25
-8.59
-9.9
-6.06
-2.59
-2.78
-5.03
-3.9
-3.72
-4.56
-7.46
-8.96
-8.03
-11.12
-13.84
-5.87
1.72
1.44
-1.09
-2.78
0.59
1.15
0.69
0.78
-0.44
-1.19
-2.12
-2.59
-1.28
-2.5
-3.25
-5.22
-5.97
-4.65
-4.28
-3.62
-0.25
0.78
0.12
-0.06
-0.06
-1
-2.5
-3.81
-3.9
-3.81
-4.75
-5.59
-6.06
-8.03
-11.59
-11.31
-8.03
-6.43
-8.21
-7
-2.97
-1
-0.53
0.12
-0.34
0.41
0.41
1.25
0.87
0.03
-0.44
0.41
0.41
0.03
0.59
0.03
-0.16
1.25
0.5
0.12
1.62
1.34
1.53
2.56
3.03
3.78
3.87
4.25
3.97
3.68
5.93
5.37
6.4
6.78
6.21
5.56
5.93
6.96
7.81
8.46
8.93
9.77
10.81
11.18
9.77
6.03
6.59
7.43
6.87
4.62
2.37
2.37
2.84
4.81
5.84
6.96
6.4
5.37
7.9
8.28
10.43
11.46
12.02
15.02
15.86
16.05
16.05
15.12
14.93
15.68
16.71
16.99
14.55
12.87
10.9
8.18
8.09
7.53
6.87
6.96
8.65
9.4
9.87
9.03
10.34
9.4
7.81
10.34
8.74
9.59
10.06
10.15
11.84
11.74
12.02
13.24
15.12
16.71
18.02
17.46
11.55
8.65
11.37
12.87
14.18
13.43
12.3
11.74
12.68
11.74
10.34
10.52
10.9
11.09
11.84
12.21
15.21
17.18
17.65
17.83
18.21
18.3
18.3
16.9
16.15
16.8
17.08
12.96
13.24
11.46
12.12
13.62
12.02
12.21
10.34
9.59
10.52
13.24
10.43
11.46
10.15
10.06
10.62
10.81
13.52
11.84
11.93
11.84
10.71
10.62
11.37
10.81
8.74
10.71
10.99
12.96
11.27
10.52
10.34
8.18
7.34
6.87
6.87
7.71
9.49
8.18
7.53
7.71
6.4
4.34
4.34
4.72
5.09
3.68
4.9
5.65
5.37
5.65
5.84
4.72
4.53
5.37
8.18
7.53
5
2.37
2.19
3.78
3.87
4.25
1.72
1.81
2.09
2.65
6.12
5
5.28
5.75
5.18
5.56
2.19
0.59
-0.44
-0.81
0.5
2.37
5.75
3.87
0.59
3.87
5
5.46
2.75
-0.06
-3.53
-4.37
-1.37
-4.19
-7.28
-2.5
-0.16
-2.03
-2.59
-1.75
-1.37
-0.63
1.34
0.59
-2.12
-4.37
-5.22
-1.47
4.53
-0.91
-0.72
0.03
1.9
-1.94
-2.41
-2.87
-5.5
-0.25
-3.62
3.31
2.75
-5.4
-3.44
-7.28
-8.5
-4.09
-4.28
-6.81
-5.22
-6.06
-11.68
-7.65
-13.37
-10.84
-7.65
-7.75
-8.12
-4.09
-2.31
0.59
-1
0.03
-5.78
-0.53
-0.34
-0.06
-4.75
-6.72
-8.5
-8.12
-8.59
-8.4
-14.77
-16.27
-13.09
-13.09
-14.96
-9.71
-13.74
-11.68
-1.37
-10.28
-2.31
-3.15
-5.03
2.65
1.53
-0.25
-3.15
-7.65
-7.56
-5.22
-4.75
-3.34
-2.22
0.22
-1.37
-2.22
-2.78
-3.06
-5.31
-12.43
-12.9
-15.99
-17.77
-17.58
-16.46
-16.37
-15.8
-10.28
-8.78
-8.59
-6.81
-10.37
-15.62
-16.08
-14.4
-12.99
-10.37
-11.59
-8.5
-6.34
-8.31
-8.87
-6.25
-6.06
-5.12
-4.47
-4.75
-5.59
-5.5
-5.12
-6.53
-7.18
-3.44
-2.12
0.03
0.22
-1.47
-1.37
-2.12
-1.75
-0.16
-1.66
-2.12
-2.12
-1.47
-1.56
-0.44
-0.63
0.69
0.31
-2.5
-1.47
-0.63
1.72
-1
-4.56
-5.22
-3.34
-4.09
-3.44
-2.69
1.81
2.19
1.72
2.84
2.19
1.53
2.19
3.12
2.19
0.78
2.94
2.65
4.34
4.62
4.62
3.97
4.43
3.03
3.68
1.25
5.09
4.15
4.62
5.46
6.59
6.59
7.34
6.4
6.12
9.03
6.68
8.65
9.4
5.93
6.4
7.71
5.56
5.75
4.72
4.72
6.59
7.34
6.21
8.56
9.49
5.37
9.68
8.18
9.59
5.93
8.46
7.9
8.84
7.34
11.09
10.9
12.3
7.71
8.93
9.12
12.77
14.55
15.68
16.33
9.49
7.71
6.4
8.46
8.46
7.43
7.43
10.06
8.56
10.06
9.96
13.62
11.84
10.34
9.21
12.21
7.99
9.77
9.87
11.84
13.8
15.86
16.99
17.27
17.74
18.3
20.36
20.46
19.43
20.46
19.89
21.3
19.89
12.87
12.4
13.05
11.18
11.55
11.27
12.02
14.37
11.93
12.87
13.9
14.18
16.24
14.27
12.4
8.37
9.68
11.37
11.74
15.21
11.37
14.37
11.37
13.15
12.4
11.27
12.21
13.8
12.96
10.99
13.15
14.74
15.49
15.68
15.49
14.83
12.77
12.68
12.3
9.03
10.34
7.9
10.99
11.46
11.37
12.3
14.18
12.59
10.06
11.74
11.93
12.77
11.27
10.81
10.15
9.59
10.24
9.87
12.12
8.84
8.93
10.43
10.06
9.03
8.56
12.87
9.87
9.12
9.49
10.34
9.03
7.15
7.25
7.71
8.09
7.71
8.84
5.28
8.28
10.99
8.09
8.18
12.87
11.18
9.87
6.78
3.31
1.81
1.9
-0.44
-1.84
1.25
0.22
-1.47
2.47
0.03
-0.06
-0.06
1.25
0.41
-1.56
-3.34
0.78
3.68
0.5
-0.81
0.41
0.31
1.62
2
1.81
0.03
0.03
0.87
-1
-4.65
-4
-3.06
-2.78
-0.44
-0.25
1.06
-1.09
-1.84
-1.94
-0.81
0.41
-1
-3.72
-3.53
-6.43
-6.15
-2.78
-1
-1.37
-0.63
-1.37
-1.47
1.53
1.15
-1
0.22
-1.84
0.87
2.75
-0.72
-3.9
-5.78
-5.87
-10.56
-12.24
-9.06
-4.84
-2.5
-0.72
-1.66
-1.19
-0.63
-1.28
-1.94
-5.59
-7.18
-6.81
-7
-8.78
-13.84
-19.36
-12.34
-12.71
-19.46
-16.37
-11.12
-7.75
-4.56
-8.5
-10.74
-18.99
-16.08
-17.21
-14.12
-12.15
-16.37
-14.96
-16.83
-17.96
-22.27
-22.17
-22.83
-19.27
-17.68
-15.34
-13.84
-11.49
-10.18
-12.9
-9.81
-5.59
-7.46
-11.59
-8.21
-6.9
-7.46
-7.28
-7.65
-11.96
-10.56
-10.18
-6.72
-9.06
-12.71
-17.58
-20.58
-12.71
-7.09
-8.12
-5.22
-6.62
-11.21
-13.27
-9.81
-14.4
-13.74
-10.18
-6.72
-5.87
-5.97
-6.06
-6.15
-7.93
-11.4
-13.74
-17.77
-17.12
-18.61
-16.83
-9.53
-5.03
-4.37
-4.56
-6.9
-6.43
-5.5
-5.78
-12.24
-10.56
-8.4
-2.03
-3.34
1.34
1.53
-2.5
-2.59
-2.22
-2.87
-3.06
-1.94
1.25
2.28
3.03
-1.28
0.12
-0.16
-0.63
0.12
0.03
-0.16
0.22
-1.37
-0.53
-1.19
-0.16
-0.25
-0.44
1.25
1.53
1.34
3.12
0.31
3.59
2.75
2.75
4.9
3.87
4.62
4.62
3.68
4.62
1.53
0.03
0.41
-0.63
1.53
0.78
3.22
3.68
2.75
4.81
2.19
7.99
7.34
0.97
4.06
4.81
1.53
3.59
4.72
5.46
6.96
4.06
1.72
2.94
6.68
5.56
10.81
8.37
7.34
8.56
10.06
13.62
13.43
14.08
13.05
9.96
5.46
6.5
8.52
8.26
9.83
9.83
12.27
13.36
14.1
12.78
12.5
12.53
14.13
11.95
11.18
12.32
14.36
11.76
11.29
10.32
10.87
11.23
13.27
15.42
9.67
9.93
10.34
12.76
14.91
15.06
15.14
13.92
15.36
15.81
16.84
15.86
12.9
15.55
17.4
18.55
18.04
16.81
16.23
16.27
15.03
16.72
18.07
16.85
18.23
17.08
17.38
16.02
16.76
17.12
16.52
15.41
13.96
16.71
16.72
12.89
14.54
13.38
12.58
16.21
15.86
15.81
15.57
16.74
15.01
15.54
15.03
14.51
14.21
15.02
14.84
16.93
17.94
16.71
14.39
15.38
15.87
17.16
17.11
16.42
15.67
13.79
11.4
14.57
16.23
15
13.92
11.37
12.4
10.6
10.52
9.11
8.04
9.99
11.19
10.28
9.12
9.26
8.47
10.35
11.75
11.77
10.63
11.21
10.3
11.23
12.71
11.01
11.18
8.1
6.56
8.09
7.28
8.13
6.26
7.66
8.21
10.96
6.19
5.86
4.88
3.64
2.65
2.21
2.63
3.45
4.79
6.19
7.74
8.07
8.24
9.12
5.96
4.55
4.18
1.44
2.13
1.85
3.81
1.04
-0.44
1.37
4.13
3.06
-0.69
-3.78
-3.81
-3.87
-1.69
-0.94
-2.19
2.74
3.13
2.54
6.25
4.44
2.68
3.19
4.11
1.05
-0.41
-2.19
-3.78
-7.02
-6.37
-4.27
-6.53
-0.85
-0.53
-1.34
-3.12
-5.24
-6.31
-9.51
-11.72
-8.98
-5.1
-8.82
-9.28
-9.56
-12.31
-13.02
-12.68
-12.09
-14.77
-17.87
-18.74
-18.76
-19.69
-19.74
-15.7
-17.41
-17.27
-15.86
-12.66
-11.56
-7.47
-7.73
-9.13
-10.53
-9.95
-6.62
-9.43
-7.48
-11.74
-14.01
-14.54
-15.31
-14.1
-17.8
-16.74
-10.06
-11.69
-13.91
-18.19
-11.9
-7.37
-3.56
-6.03
-7.25
-6.83
-6.66
-5.18
-9.15
-10.18
-4.26
-3.19
-1.47
-4.92
-10.31
-12.3
-9.91
-5.08
-2.66
-6.58
-8.21
-8.09
-6.35
-3.04
-1.12
-1.15
-5.83
-11.91
-9.11
-6.94
-3.52
-5.93
-4.86
-1.34
-1.8
-1.48
-2.31
-3.62
-2
-4.22
-2.88
-4.71
-4.38
-8.22
-12.82
-14.59
-11.42
-11.38
-9.83
-8.1
-9.28
-12.87
-14.54
-13.45
-10.86
-11.38
-10.42
-4.23
-1.81
-3.43
-5.67
-6.65
-4.06
-2.15
0.02
-2.91
-4.64
-1.91
-1.77
-1.24
-3.78
-5.05
-2.95
-2.69
-2.14
-5.38
-6.41
-5.26
-4.01
-2.74
-2.37
3.47
3.24
1.83
-0.7
-4.56
-5.95
-2.96
-2.71
-1.81
-4.72
-4.42
0.82
3.98
4.97
2.93
3.32
5.54
3.41
2.86
3.11
7.66
9.58
3.84
3.84
3.82
6.08
7.31
8.07
9.63
8.3
8.87
8.75
8.61
9.51
9.9
11.23
9
7.67
7.91
8.59
8.49
5.67
5.9
4.63
6.02
6.74
6.65
9.67
10.91
11.1
12.27
12.51
11.22
9.54
8.73
6.71
7.3
7.04
6.68
9.16
8.62
9.78
9.37
9.17
8.71
9.83
8.13
7.76
8.48
8.67
10.39
9.52
11.26
13.21
15.78
15.16
12.9
14.32
16.44
15.99
15.98
15.99
16.09
15.24
14.45
11.66
12.82
13.21
10.5
10.47
11.13
13.16
13.47
12.85
13.06
13.2
12.89
14.54
13.93
17.3
17.75
15.77
13.88
16
17.29
17.6
17.89
17.25
17.16
16.84
15.21
13.9
15
13.71
13.02
14.9
14.4
15.7
13.89
13.33
13.72
14.61
16.2
13.17
16.81
15.48
13.44
13.67
16.94
18.32
18.71
18.78
19.09
18.84
19.64
19.42
17.96
15.82
16.49
13.37
13.6
14.18
9.93
11.17
12.34
12.61
12.17
13.39
12.68
12.6
12.97
11.44
12.35
11.11
14.2
13.78
12.86
14.19
16.1
16.43
12.54
10.7
10.99
11.68
11.68
10.35
9.96
13.61
14.61
11.5
10.5
9.88
10.22
11.24
12.63
11.37
11.22
11.66
10.11
8.18
7.31
7.55
8.93
9.57
8.88
8.56
8.26
7.84
9.78
9.73
8.57
13.04
14.31
14.58
13.44
12.29
9.88
9.33
8
8.71
7.37
4.9
1.76
3.64
2.94
4.12
0.97
0.45
0.81
1.92
4.9
5.35
2.41
2.17
0.64
5.25
5.46
4.73
2.81
4.37
6.07
5.15
2.6
6.71
4.12
7.52
7.9
7.12
5.8
6.57
5.21
1.64
1.44
-0.06
2.36
1.6
-1.32
0.65
-0.41
-3.56
-5.59
-6.59
-1.98
1.07
1.44
-0.63
-0.68
1.59
1.78
3.44
2.24
3.5
1.34
4.82
3.33
2.65
-1.97
0.15
-2.32
-2.77
-5.6
-6.82
-8.94
-2.37
-7.44
-7.73
-2.64
-0.44
1.4
0.27
-2.04
-5.71
-6.08
-4.22
-10.78
-11.05
-8.81
-4.05
-5.12
0.96
2.62
0.42
-0.36
-0.42
-4.24
-9.3
-3.41
-2
-1.88
-1.59
-6.08
-5.48
-5.44
-8.24
-9.73
-6.72
-3.99
-2.69
-2.41
-4.47
-2.3
-2.75
-6.54
-8.1
-7.81
-11.32
-10.36
-6.75
-8.05
-10.79
-9.76
-7.13
-4.71
-5.62
-6.91
-7.61
-12.76
-13.79
-12.54
-17.25
-16.37
-11.27
-6.27
-8.55
-9.86
-8.53
-8.71
-9.81
-5.82
-5.57
-2.75
-3.63
-3.08
-3.17
-0.33
-3.28
-4.03
-1.58
0.48
1.14
1.3
-1.06
-4.25
-2.58
2.14
2.99
3.23
-1.41
-4.39
-4.25
-4.68
-4.54
-1.97
-0.97
1.98
0.27
1.22
4.06
4.98
3.78
3.2
2.79
2.83
0.23
-1.97
1.88
5.14
4.96
3.52
4.18
4.98
7.42
9.36
6.32
3.59
1.63
-0.78
-0.99
-3.21
-3.08
-1.76
0.29
-1.77
-2.99
-1.44
-0.25
1.85
2.79
4.22
2.38
2.11
0.99
1
-0.08
0.33
3.47
2.33
1.37
3.08
2.81
4.15
4.26
5.02
5.93
4.37
4.49
6.24
7.33
9.27
6.54
3.94
2.39
2.79
3.92
4.54
7
6.14
5.82
5.9
5.42
6.55
7.12
7.36
6.83
7.94
7.77
9.83
10.92
14.11
15.86
17.34
17.86
16.13
16.42
12.6
9.05
9.4
8.54
6.83
6.76
6.23
8.03
8.58
9.92
11.08
12.23
11.4
12.47
12.8
12.56
12.22
11.09
11.29
9.52
12.19
11.33
12.39
12.16
13.82
15.04
12.17
11.45
12.56
13.81
13.73
14.04
12.7
14.04
13.34
13.98
14.13
15.55
17.32
18.01
15.34
16.25
14.07
14.19
13.75
11.59
11.76
13.86
13.71
13.99
13.78
12.65
12.89
11.06
12.24
11.81
13.86
17.61
17.43
16.17
16.19
13.93
15.12
15.71
13.07
14.42
13.54
15.81
14.56
13.96
13.1
11.72
12.6
12.33
13.27
15.74
16.52
16.09
15.71
15.1
15.38
16.39
14.51
18.1
14.26
16.13
12.43
11.64
11.26
11.94
10.43
10.24
10.77
13.18
11.6
11.09
12.42
13.38
13.17
13.68
11.37
7.79
8.97
8.58
8.9
12.43
10.84
7.04
7.63
9.96
10.95
10.53
10.22
7.89
7.2
5.49
4.49
5.86
6.43
5.2
4.18
5.31
6.08
7.19
6.73
5.87
8.79
7.68
7.63
5.7
3.66
3.94
5.91
5.14
3.43
3.27
0.82
0.46
0.02
0.08
2.07
2.3
4.28
6.5
5.76
3.53
1.79
2.07
-0.06
2.25
-1.27
-0.98
-1.38
-4.45
-1.85
-5.12
-3.61
3.16
2.49
2.77
2.4
-1.12
-4.63
-2.8
-2.71
-3.21
4.63
3.49
-0.83
-2.01
4.17
1.2
0.97
2.07
0.32
0.13
5.08
5.66
3.71
4.39
-0.22
-3.6
-2.03
-1.27
-2.45
-7.18
-7.73
-9.16
-14.96
-17.88
-16.92
-13.16
-15.13
-11.88
-13.39
-10.71
-11.75
-14.72
-14.34
-12.77
-11.23
-6.53
-2.14
-1.65
-5.37
-7.86
-12.16
-9.71
-8.58
-7.33
-7.37
-7.99
-7.91
-8.31
-7.91
-2.49
1.41
-0.27
-6.06
-2.41
-9.71
-10.74
-8.68
-7.18
-6.72
-16.65
-11.31
-5.12
-2.97
-1.66
-9.62
-11.21
-8.21
-7.84
-6.43
-8.21
-13.46
-10.74
-11.77
-11.77
-5.22
-4.94
-5.59
-8.68
-14.12
-13.55
-13.27
-3.15
-8.87
-3.62
-3.62
-0.25
-1.56
-4
-3.44
-4
-5.31
-0.25
-5.97
-5.03
-11.03
-19.36
-17.4
-10.74
-11.21
-9.53
-7.93
-9.34
-14.59
-16.93
-11.96
-12.99
-12.34
-8.78
-2.69
-2.41
-5.12
-6.72
-10.93
-8.68
-3.06
2.94
-2.31
-3.53
-3.44
-0.44
-2.69
-4.75
-3.62
-1.47
-1.37
-2.31
-4.84
-5.68
-3.72
-4.65
-4.28
-1.09
6.87
4.72
7.06
0.59
-2.78
-2.78
-0.53
-0.06
-1.19
-2.22
-2.22
2.28
3.78
2.37
4.06
2.19
6.68
3.4
5.75
6.59
7.25
8.93
2.84
3.03
4.62
5.37
6.21
8.46
8.74
6.21
7.43
10.43
9.03
8.74
9.77
10.99
7.71
6.21
7.06
9.31
8.74
5.84
6.5
2.37
6.12
6.12
7.9
9.59
10.15
11.74
11.74
11.18
8.74
7.9
7.06
5.09
7.25
6.68
5.75
8.09
8.09
9.87
7.99
9.59
7.81
8.74
6.78
6.59
7.25
7.62
9.87
7.62
11.55
12.68
15.4
14.18
12.49
12.68
13.99
15.68
13.05
10.71
10.81
11.84
13.62
11.46
10.99
12.02
9.12
10.06
10.62
10.99
12.4
11.65
10.99
10.15
11.74
13.99
13.34
14.83
15.02
12.77
13.43
13.24
14.65
13.43
15.3
15.49
15.49
13.99
13.24
12.59
12.21
10.62
12.02
14.65
11.18
15.12
11.37
12.12
12.59
13.24
16.52
11.55
14.08
13.24
12.96
14.27
15.86
16.43
16.9
16.99
15.77
13.24
14.18
13.52
12.87
12.96
14.83
10.9
11.46
11.18
8.09
9.49
11.37
11.18
11.84
12.87
12.21
11.46
12.4
10.71
10.52
9.49
11.46
12.87
10.71
12.4
14.08
13.43
11.18
10.06
10.06
10.43
10.43
11.18
9.68
12.02
12.3
10.24
8.18
7.53
9.49
10.9
11.18
9.77
10.06
10.34
6.87
5.84
7.06
6.4
8.46
7.06
7.81
5.84
5.84
5.18
8.56
7.62
8.09
10.34
12.59
10.99
11.18
9.03
8.65
8.56
9.03
7.34
7.9
2.94
1.44
1.9
2.75
4.53
0.03
-1.66
0.31
0.69
5.28
2.28
2.47
0.12
-0.34
3.78
2.47
1.15
2.84
3.03
5.75
1.81
0.22
4.53
3.4
7.43
4.53
4.43
4.62
5.56
3.22
0.59
0.69
-0.44
0.69
-0.06
-1.75
-2.03
-2.5
-5.22
-7.09
-7.09
-3.62
-0.63
-0.72
-2.12
-1.94
1.72
1.15
3.03
2.09
1.9
2.65
6.21
3.5
2.19
-1.94
-0.25
0.31
0.22
-5.4
-8.03
-6.53
-4
-7.75
-7.84
-2.78
-0.91
1.06
-2.41
-4.09
-11.4
-9.06
-4.84
-10.56
-10.09
-7.56
-6.53
-5.87
4.53
3.59
0.5
0.41
-2.31
-5.87
-0.08806
-0.58806
-0.08806
0.71194
0.11194
-0.48806
1.71194
-0.28806
-2.68806
-5.58806
-5.08806
-11.38806
-15.18806
-11.98806
-10.18806
-8.18806
-7.68806
-8.78806
-7.58806
-8.78806
-10.68806
-12.68806
-12.38806
-10.78806
-7.38806
-8.78806
-6.28806
-3.98806
-6.08806
-8.88806
-8.38806
-7.08806
-1.48806
-0.08806
-1.58806
-2.18806
-2.68806
-2.08806
-1.68806
-0.48806
0.81194
-1.98806
-0.48806
-0.88806
0.31194
-0.18806
0.11194
-1.48806
-6.18806
-6.58806
-5.78806
-3.58806
0.01194
2.21194
4.31194
1.11194
-0.88806
0.61194
0.01194
-1.18806
-1.18806
-1.18806
-0.88806
0.31194
2.81194
2.81194
3.01194
5.01194
3.01194
3.61194
4.31194
3.01194
3.21194
2.71194
-0.08806
1.81194
-1.68806
-2.38806
2.01194
3.71194
1.11194
0.01194
0.41194
0.51194
1.11194
1.51194
3.31194
2.81194
3.51194
2.51194
0.71194
0.51194
1.71194
1.41194
-1.48806
2.81194
6.81194
3.31194
2.31194
1.31194
3.71194
3.41194
5.21194
4.91194
3.91194
4.31194
4.71194
6.31194
5.11194
7.01194
8.61194
9.41194
7.61194
5.51194
7.41194
9.41194
10.61194
10.51194
4.21194
3.71194
3.71194
4.01194
3.41194
4.01194
5.01194
3.21194
2.91194
2.81194
5.11194
6.41194
7.41194
7.51194
8.21194
7.51194
6.41194
9.41194
11.11194
13.01194
13.41194
14.11194
12.01194
13.81194
13.91194
16.11194
11.11194
14.81194
11.31194
11.71194
14.01194
16.51194
15.71194
15.01194
16.21194
15.21194
12.41194
12.21194
13.71194
12.01194
15.31194
17.31194
17.41194
16.71194
13.51194
14.21194
14.31194
16.81194
15.51194
14.01194
17.61194
13.41194
11.81194
10.41194
11.21194
11.31194
12.91194
14.61194
11.71194
9.21194
10.31194
11.81194
10.51194
11.71194
15.11194
14.91194
13.91194
17.41194
16.41194
17.01194
15.81194
20.71194
20.01194
22.31194
20.71194
20.01194
17.01194
15.31194
17.11194
14.31194
16.31194
17.61194
18.41194
20.11194
20.71194
22.51194
21.11194
20.81194
20.61194
18.01194
18.91194
19.41194
18.41194
15.71194
17.31194
16.71194
14.51194
16.41194
16.61194
16.01194
16.31194
18.01194
16.11194
15.31194
12.71194
12.31194
12.41194
12.01194
13.41194
12.21194
11.11194
10.41194
10.11194
12.31194
12.21194
11.31194
10.41194
10.11194
11.31194
11.51194
12.11194
12.41194
11.31194
10.21194
10.51194
11.81194
11.91194
13.41194
13.11194
11.31194
12.71194
13.31194
12.61194
12.01194
12.71194
11.31194
12.11194
10.91194
10.61194
10.21194
10.91194
10.21194
8.31194
7.81194
8.71194
9.31194
7.81194
5.91194
7.11194
6.91194
8.91194
12.11194
11.71194
7.61194
6.51194
7.21194
7.01194
6.21194
11.71194
10.81194
9.21194
4.91194
4.11194
4.51194
7.11194
3.11194
5.21194
2.11194
3.51194
3.31194
1.81194
0.81194
1.91194
4.61194
5.71194
5.31194
3.91194
1.31194
7.31194
7.01194
9.31194
11.01194
14.11194
4.81194
0.51194
-1.18806
2.31194
6.21194
4.01194
2.91194
1.11194
-1.48806
-2.38806
-0.08806
4.11194
5.01194
2.41194
0.71194
1.71194
1.31194
2.41194
1.81194
0.51194
0.41194
0.21194
-0.78806
-1.78806
-4.28806
-1.88806
0.01194
-0.88806
-5.18806
-3.68806
-2.08806
-1.78806
-1.68806
-1.18806
-1.98806
-6.08806
-4.68806
-1.48806
-4.48806
-3.98806
-7.38806
-5.78806
-0.28806
-0.58806
-2.68806
-6.28806
-3.48806
-0.58806
-4.68806
-8.88806
-6.38806
-6.08806
-0.68806
-3.28806
-6.08806
-5.88806
-7.08806
-14.48806
-16.18806
-14.78806
-12.88806
-8.88806
-4.28806
0.41194
-0.88806
2.01194
1.11194
-1.28806
-3.88806
-0.88806
-1.18806
-2.28806
-6.78806
-4.48806
-4.98806
-6.88806
-2.98806
-13.58806
-5.98806
0.31194
-3.78806
-8.88806
-8.08806
-6.08806
-5.18806
-8.38806
-17.48806
-7.18806
-11.18806
-6.08806
-9.78806
-3.08806
-2.28806
-2.18806
-2.88806
-3.88806
-6.88806
-9.58806
-9.18806
-11.48806
-10.38806
1.31194
-0.16806
-1.64806
-3.12806
-4.60806
-6.08806
-5.48806
-3.88806
-2.58806
-3.28806
-0.18806
3.31194
2.91194
0.51194
-4.58806
-4.88806
-1.08806
-0.28806
-0.88806
-2.18806
-0.58806
-1.98806
-0.08806
0.01194
-4.58806
-4.38806
-3.28806
-0.48806
5.21194
3.61194
1.21194
0.46194
-0.28806
-1.03806
-1.78806
-0.48806
-0.28806
0.11194
0.41194
-0.18806
0.11194
0.61194
-0.88806
0.01194
2.91194
3.31194
-1.08806
-3.38806
-0.58806
-1.58806
1.21194
0.91194
0.11194
1.31194
2.31194
1.21194
0.31194
0.21194
3.71194
7.81194
5.61194
3.71194
6.01194
1.61194
4.91194
3.31194
3.01194
3.71194
4.91194
6.41194
5.21194
8.71194
10.91194
9.51194
8.51194
7.41194
3.41194
4.21194
3.81194
2.61194
3.31194
2.91194
3.41194
3.61194
5.01194
5.11194
3.21194
4.61194
8.51194
6.21194
6.11194
4.31194
6.91194
6.11194
8.21194
8.41194
7.71194
7.71194
4.01194
5.71194
6.51194
4.41194
8.01194
8.91194
8.01194
9.91194
5.71194
8.01194
8.51194
9.31194
4.81194
8.41194
4.81194
8.81194
7.41194
5.21194
9.91194
10.41194
12.71194
10.61194
10.71194
11.21194
11.61194
12.41194
14.01194
14.81194
12.51194
11.71194
10.01194
12.11194
8.11194
9.71194
11.91194
14.31194
13.71194
11.81194
12.41194
11.81194
10.81194
13.41194
15.01194
15.11194
15.41194
17.41194
21.01194
20.16194
19.31194
20.91194
21.71194
15.01194
15.81194
12.21194
12.81194
13.61194
14.31194
16.01194
14.01194
14.01194
14.11194
11.61194
12.91194
12.21194
14.41194
14.81194
11.41194
14.01194
13.91194
13.21194
11.21194
10.21194
11.16194
12.11194
11.41194
13.21194
12.91194
11.61194
12.41194
13.17860667
13.94527333
14.71194
13.01194
16.51194
14.61194
12.11194
14.81194
14.51194
14.51194
14.51194
14.51194
16.51194
16.31194
16.41194
13.61194
14.51194
14.41194
14.23194
14.05194
13.87194
13.69194
13.51194
14.01194
13.11194
11.01194
11.61194
11.71194
12.01194
10.81194
10.21194
10.21194
10.19194
10.17194
10.15194
10.13194
10.11194
10.91194
10.51194
9.21194
9.61194
9.71194
9.81194
9.91194
8.61194
9.61194
11.91194
10.41194
7.31194
7.91194
7.91194
7.71194
7.51194
7.31194
6.21194
6.21194
6.12194
6.03194
5.94194
5.85194
5.76194
5.67194
5.58194
5.49194
5.40194
5.31194
4.51194
4.51194
5.41194
6.01194
4.71194
3.11194
0.01194
-0.78806
-0.78806
-0.18806
0.41194
0.01194
0.91194
2.21194
6.01194
8.11194
3.11194
4.41194
1.51194
0.31194
1.61194
1.21194
2.51194
6.21194
5.01194
3.21194
0.61194
-0.08806
1.21194
3.51194
4.81194
3.11194
3.61194
3.71194
0.71194
-0.78806
0.51194
-1.18806
-2.58806
-1.88806
-1.98806
-2.28806
-2.68806
-7.88806
-8.98806
-11.18806
-7.88806
-2.88806
-3.88806
-6.08806
0.61194
-0.28806
-1.48806
-1.98806
-1.559488571
-1.130917143
-0.702345714
-0.273774286
0.154797143
0.583368571
1.01194
-1.08806
1.31194
2.81194
-3.18806
-2.18806
-5.28806
-9.78806
-10.78806
-11.98806
-6.18806
-3.18806
-2.18806
2.01194
3.61194
-0.48806
-2.18806
3.51194
2.11194
-5.38806
-9.88806
-9.48806
-5.78806
-1.18806
-1.08806

"Precipitation" :
0
2.5
0
0
0
0
0
0
0
0
8.4
2.5
0
8.3
0
0
0
6.3
0
0.1
2.5
0
10.8
0
0
0
0
0
0
8.1
0
0
0.7
0
0
0
0
0
0
0
0
0
0
0
0
0
0
0
0
0
0
0
0
0
0
0
0
0
0
0
0
0
0
3.5
0.8
0
0
0
1.6
0
0
0
1.3
0
0
0
3.6
0
0.6
3.4
0
9.5
0
0
0
0
6.3
0
0.9
5.8
0.7
0
0
0
0
0
0
0
0
0
0
0
0
0
0
0.6
7.6
0
0
0
3.9
1.9
10.4
0.6
0.5
0
0
0
3
0
0
0
0
0
0
0
0
6.1
10.3
0
14.6
11.7
4
0
1.2
14.3
0
0
4.4
0
0
14.5
0
0
0
0
0
5.1
0
0
0
0
0
0
5.3
10.5
0
9.6
3.5
0
1.1
0
0
0
0
0
0
0
0
17
0
0
0
0
0
0
0
0
0
0
0
0
0
0
2.2
0
0
0
0
0
2.5
2
0
0
0
0
0
0
9.7
0
0
0
0
29.8
1.5
0
0
0
0
0.1
30.5
0.1
26.2
7
0.5
0
12.2
0.1
0
31.7
33
0.5
0
2.2
0
1.3
0
15.7
31.7
1.1
0
13.3
0
13.2
1.1
2.3
0
0
0
14.7
0
2
2.5
1.6
0.1
0
0
0
0
0
0
0
15.1
4.2
0
0
1.2
2.1
0
0
0
0
0
0
0
0
0
0
0
0
1.5
0
0
0
0
0
0
0
2.8
0
0
0
5.1
0
0
0
0
0
0
0
0
24.7
21.2
8.3
5.8
0
0
6.4
11.7
0
5.3
14.7
0
23.9
0
0
0
0
0
3.6
0
0
0
0
0
0
0
3.2
3.7
4.7
0
4.6
7.4
0
0
11.3
36.2
12.2
4
0
0
0
0
0
0
0
2.8
0
1.3
7.3
1.1
5.8
5.6
2.9
0
0
0
4
11.9
9.6
3.3
2.6
25.6
2.8
0
0
0
0
9.9
0.1
0
2.9
7
0
0
0
0
0
0
10.5
0
1.9
0
0.1
0
0
0
0
0
0
0
0
0
0
0
0
0
0
0
0
0
0
0
0
0
0
0
0
0
0
0
0
1.6
0
0
0
11.2
0.4
0.9
0.9
0
0
0
0
0
0
0
0
0
0
0.1
0
0
0
0
0
0
0
1.8
0
0
0
0
0
0
0
0
0
0
0
2.3
11
9.8
5.5
2.8
0
0
0
0
5
3.5
30.4
0
0
0
1.3
1.6
1.2
0
0
0
0
0
0
0.6
15.8
0.8
0
0
0
0
0
0
0
16.8
0.8
0
0
0
0
0
0
0
0
0
0
1.1
10.6
0
0
0
0
0
0
0
0
0.9
5.8
0
9.6
0.2
2.3
0
0
4.2
0
0
0
0
0
0
1.3
28.2
0.1
0
0
0
4.1
5.1
0.1
0
11.8
5
3.5
8.8
4.4
9.8
0.2
3.9
0.1
12.4
3.5
12.9
18.4
1.4
12.9
1.9
1.1
4.7
0.6
4.3
11.7
0.2
1.1
1.3
2.1
0
0
0
0
0
0
0
0.5
0.7
8.2
0
0
0
0
0
0
0
0
0
0
0
0
0
9.1
0
0
0
4.8
3.9
1.1
3.6
1.6
8.2
1.3
2.5
0.8
2.5
30.4
6
4.9
1.2
0
0
0.1
1.3
3.2
0
0
0.6
2.8
1.3
2.7
1.4
0
5.7
0
8.7
17.7
6
0
0
0
0
0
0
1.2
1.1
32.8
21.8
0
0
4
5.4
0
10.5
0
0
0
0.7
1.2
0
0
0
5.4
2.8
1.4
2.5
0
0
0
0
0
0
0
0
0
4
3.6
21.1
53.7
9.4
7
0.9
2.9
28.7
4.6
29
45.3
30.3
0.2
0
1.2
7.5
7.4
3.4
2.2
0
0
0
2.2
10.9
6.1
3
0.2
0
0
0
0
0
0
0
0
0
3.6
12.1
19.3
48.6
15.3
12.1
8.2
0
6.3
0
0
2.6
10.2
2.7
2.3
0
0
0
0
0
0
0
0
0
0
0
0
0
0
0
0
0
0
0
2
0
0
0
0
0
0
8.9
0
0
0
0
0
0
1.9
0
1.6
11.8
2.5
0.8
0
0
5.5
5.8
1.9
0.4
0
0
0
1.6
0
14.2
0
0.9
3.4
17.2
6.4
41.1
2.6
2.3
0
4.3
5.8
2.3
6.4
7.1
9.6
3.7
6.3
24
10.8
0
9.4
9.4
2.9
0
1.6
17.7
12.9
0
0
0
4.7
0.6
0.4
1.6
9.1
2.6
0
0
10.3
1.2
0
0
0
0
2.6
0.9
0
9.9
42.7
8.1
0
0
0
0
4.7
0
0
0
0
0
0
0
0
0
0
10.6
1.2
0
0.5
6.3
4
0.2
0
6.2
19.3
16.6
9.2
0
0
0
0
0
0
0
0
0
0.2
0
0
0
0
0
2
0
0
0.6
9.1
0
0
0
0
0
0
0
0
1.2
0
4.1
5.1
0
2.2
0
0
0
0
0
0
0
0
0
0
0
0
0
0.8
0
0
0
0
0.6
0
0
0
0
0
17.1
0.2
8.5
3.5
1.1
0
8.2
5.1
0
0
0
0
0
0
0
0
0
0
0
0
0
0
4.9
0
0
0
0
0
0
0
7.5
0
13.8
8.7
31
7.8
0
14.7
24.5
0
2.2
0
12.3
0
0
0
12.9
11.5
5.8
8.8
0
2.7
5.7
12.2
0
0.1
32.1
1.5
0
0
1.1
21.1
2.7
0
0
0.2
4.2
7.5
0
4.7
0
0
0
1.2
11.8
13.2
0.1
10.5
9.6
2.5
10.6
13.2
17.5
2.3
13.2
11.8
0
0
11.6
6.9
0
37
3.2
0
3.2
29.4
19.9
17.2
0
0
0
0
0
0
0
0
10.8
0.1
0
0
0
0
0
0
0
0.5
13.8
17.5
5.3
3.9
0
7.8
0
0
0
0
0
0
0
8.4
24
20.1
2.3
11.7
0
0
12.5
4.7
0
0
0
0
0
0
0
0
0
0
0
0
2.9
0
2.2
0
0
0
0
0
0
0
0
0
0
0
2.5
0.7
0
0
0
0
0
0
11.5
0
0
0
0
0
0
0
0
0
0
5.8
0
0
0
0
0.9
15.3
0
0
0
0
0
0
0
0
0
0
0
0
0
5.5
0
0
0
0
6.3
0
0
1.3
0
0
0
0
0
0
0
0.7
0.5
0
0
0
0
0
0
0
0
0
6.6
0
0
0
0
0
0
0
0
0
0
0
0
0
0
0
0
0
0
0
0
0
0
0
0
0
1.8
0
0
0
5.7
0
0
0
0
10.5
0
0
0
1.9
0
0
56.4
23.3
11.7
0.7
0
0
0
2
0
1.3
4.1
1.2
0
0
0
0
10.2
0
2.2
0
0
0
0
0
1.2
0
8.3
9.5
0
0
0
0
0
0
0
0
0
0
0
0
4.6
7
27
0.6
10.5
23.4
5.7
6.3
0
0
0
0
1.6
1.9
0.2
0
0
0
0
0
0
0
0
0
0
2.3
0
0
0
0
0
0
0
0
0
0
15.1
1.5
0
0
0
0
0
0
0
0
0
0
0
0
0
0
0
0
0
8
2.1
0
0
0
0
2.5
22.5
1.6
0
0
0
0
0
0
0
0
0
0
0
0
3.6
2
0
0
0
6
12.2
29.4
0
0
0
0
0
0
0
0
1.8
0
0
1.3
0
0
0
0
0
0
0
0
0
0
0
0.5
0
0
0
0
0
0
4.7
11.5
8.8
22.2
0.5
2.9
5.7
7.1
0.5
0
13.2
0
8
11.8
0
0
5.7
10.4
0
2.1
0
0
2.3
0
6.9
0
0
2.2
0
0
0
0
0
1.8
0
0
0
0
0
0
0
0
0
0
0
0
0
5.8
0
0
2.1
0.5
3.3
0
0
0
0
0
0.9
0
0
0
0
0
0
0
0
0
0
7
6
1.2
0
14
0
0
0
0
7.1
0
0
0.8
2.5
11.6
7.5
0
0
0
0
0
0.8
7.1
5.5
1.1
2.2
0
10.1
35.9
11.2
10.5
4.6
0.6
9.7
12.3
18.6
0.6
0
0
0
0
0
0
0
0
0.6
0
0
0
0
0
0
0
0
0
0
0
0
0
0
0
0
0
0.8
0
0
0
0
0
0
0.1
4.1
12.2
1.5
0
5.7
0.6
7.6
0
6.9
0
0
0
0
0
0
0
0
0
1.1
0
0
1.2
0
0.9
0
0
0
0
0
6
0
1.6
0
0
3.9
2.3
0
5.4
27.7
0.1
1.1
1.6
0
16.3
21.6
13.1
17.3
2.3
8.1
0
0
0
0
5.7
0
0
4.3
8
12.1
11.6
16.1
0.2
0
5.4
0
1.1
0
0
0
0
25.6
6.1
2.5
0
0
0
0
0
0
0
0
0.5
2.1
0
2
3.2
0
0
0
0
0
0
0
0
0
0
0
0
0
0
0
0
0
0
0
0
0.1
15.2
4.8
0
0
0
0
0
0
0.8
0
0
0
23.2
0
2.3
3.7
0
0
0
0
0
0
0
0
0
0
0
0
0
0
0
0
0
0
0
0
0
0
0
0
0
0
0
0
0.2
0
0
0
0
0.6
0
3.9
0
0
0
0
0
0
0
0
2.2
12.6
4.8
0
0
4.1
10.1
0
0.6
0
0.4
0
0
0
0
1.8
2.5
0.5
46.6
0.1
34.3
17.8
6.8
0.4
0
0
0
1.3
0
0
45.9
6
0
4.9
6.2
6.1
0
11
0.6
0.6
0
0
0
0
0
0
0
0
0
0.1
2.3
0.2
0
0
0
0
0
10.2
0
7.5
0
0
0
0
0
0
1.8
4.2
0
0
0
0
0.5
3
13.8
60.3
5.3
6.4
7.6
9.5
0.8
0
0
2.3
0
0
0
0
1.5
0
22.3
7.5
0
2.1
14.5
9.1
0
0.6
1.5
0
0
0
0
0
0
0
0
0
0
13.3
0.6
0
0
2.5
2.8
0
0
0
0
0
0
0
2.1
7.1
19.1
0.1
0
7
0
0
0
0
0
0.2
0
0
1.2
2.7
0
0
0
0
0
0
0
0
0
0
20.9
13.3
42.4
17.7
1.6
4.1
2.2
0
0
0
0
0
0
0
0
0
0
8
5.3
1.8
0
0
0
0
2
0
0.6
0
9.1
0
0
0
0
0
0
0
0
0
0
0
0
0
0
0
0
12.3
0
0
0
0
0
2.1
0.6
0
0
0
0
0
2.6
24.7
9
5.6
18.1
0
0
2
8.3
6
6
3.9
10.8
3.3
0.5
2.8
4.7
9.7
0.6
0
0
0
0
0
0
0
0
0.9
0
0
0
0
0
0
0
0
0
0.4
0.1
0
0.4
0.1
0
0
0
0
0
0.4
0
0
0
0
0
2.5
0
0
0
0
0
4.8
16.4
0
0
0
0
0
0.4
6.3
3.5
1.6
0
4
9.6
6.2
0.4
0.9
2
0
0
0.8
0
0
5.3
2.5
4.3
6.2
0
2.9
0
0
0
0
0
0
0
0
0
0
0
0
0
2.3
7.8
0
5.8
3.6
0
0
0
0
0
0
0
0
0
0
0
0
0
0
0
0
0
0
0
0
0
0
0
0
0
0
0
0
0
0
0
0.4
0
0
0
0
0
0
0
0
0
0
0
0
0
0
0
0
0
0
0
0
0.5
0
0
0.2
0.4
0.2
0
6.8
2.7
0.6
0
0.6
8.8
6.4
2.1
1.3
0.1
4.9
11.2
7.5
3.6
0
3.5
2.3
6.6
0
1.1
0
0
0
0
0
0
0
0
0
0
0
0
1.2
0
0.4
7.4
3
11.9
0.8
8.9
1.5
3.6
14.6
6.6
2.1
0
0
0
0
1.8
0
0
0
0
0
0
0
0
0
5.3
0.1
0
0
0.8
0
0
0.4
0
0
0
0
2.8
0
0
0
0
0
0
4.2
0
0
0
0
0
0
0
0
0
0
0
0
0
0
0
0.9
0
0
0
2.9
1.4
0
0
0
11.6
0.1
0
0
39.8
11
6
0
0
0
0
6
18.5
16.8
0
0.5
0
0
0
0
0
0
0
0
0
0
0
0
18.1
1.3
0
0
0
0
0
0
0
0
0
0
0
0.6
0
2.7
48.9
10.6
24.7
4.6
0.6
7
0
0
0
13.7
0
21.6
0
3.5
0
0
0
0
0
0
0.4
0
0
0
0.2
0.4
0
0
0
0
0
0
0
0
0
0
0
0
0
0
0
0
0
0
0
0
0
0
7
0
0
7.4
0
0
0.4
0
0
3.4
1.2
0
0
0
0.6
0
1.3
0
2.5
0
0
0
0
0
0
0
0
0
0
0
11.2
0
0
0
0
0
0
0
0
0
0
0
0
0
0
0
0
0
0
0
0
0
1.3
5.1
0
7.5
0
9.6
0.4
0
0
0
0
0
0
0
0
0
0
0
0
0
0
3.9
0
0
0
0.5
0.1
3.5
0
0
0
3.4
0
0
0
0
0
0
3.5
2.2
0.9
4.9
29.7
0.1
0
0
0
0
0
0
0
0.6
3.6
2.3
3.5
0.6
0
0
0
0
0
0
0
5.3
5.7
0
0
0
0
0
0
0
0
0
0
17.5
0.9
14
9.4
2.1
0
11.8
22.3
1.3
0
1.2
0
0
0
0
0
0
0
19.3
0
0
0
0
0
0
0
0
0
8.8
0
0
0
0
0
0
0
0
0
0
0
0
0
0
0
0
6.2
0
0
0
2.2
0
0
0
0
0
0
0
0
0
0
0
0
0
0
0
0
0
0
5.3
0
0
0
0
0
0
0
0.7
0
0.1
14.6
0.6
10.5
0.5
0
12.1
0.5
0
0
42.9
0.1
0
2.2
2.1
7.6
7.8
0
0
0.2
0
0
1.1
2.7
3.5
0
2.5
0
0
8.3
0.9
0
19.4
20
1.2
2.3
14.3
0
0
0
0
16
2.5
36.4
0.2
0
1.8
7.4
8.1
1.4
22.2
5.4
0.2
0
14.3
0.1
0
0
0
0
0
0.6
12.3
6.7
28.3
14.7
1.1
0
0
0
0
0
0
10.2
12.3
0
0.6
0
0
0.5
0
0
0
0
0
0
0
0
0
0
0
0
0
0
0
0.6
0
0
4
3.5
3.5
4.1
0
0
0.8
0.5
0.6
0
0.9
0.2
0
4.7
0
0.9
17.9
0
0
8.7
0
0
0.6
9.6
6.6
4.4
0
0
0
0
2
3.6
16
9
0
0
0.1
18.6
0.7
10.3
0
7.7
0
0
10.6
4.9
18.8
6
0
0
0
11
0
0
0
0
0
8.2
0
0
0.7
3.7
6.1
0
0
0
0
0
0
0
0
0
0
0
0
0
0
0
0
0
0
0
0
0
2.1
7.6
1.6
0
1.4
0
10.3
0
0.2
0
0
0
6.3
0
11.2
0.9
0
0
0
0
0
0
0
0
0
0.1
0
0
0
0
0
0
0
0
0.4
0
0
0
0
0
1.4
0
0.1
0
0
0
0
0
3.3
0
0
0
0
0
0
0
0
0
0
0
0
0
0
0
0
0
0
0
0
0
0
0
0
0
0
0
0
0
0
0
0
2.3
3.6
0
0
1.5
5.8
0
0
0
0
0
0
0
0
0
0
0
0
0.8
0
2.3
0
0
0
0
0
0
0
0
0
0
0.7
5.3
12.4
0
0
10.2
3.2
0
0
0
0
0
0
0
0
0
0
0
0
0.9
2.3
0
11.5
0
0
0
0
0
0
1.2
4.2
5.6
0
0
0
0
0
0
0
0
0
0
2.1
0
2.3
0
0
0
0
0.5
0
2.5
0.9
0
0
0
0
0
0
0
0
0
0
0
0
0
0.4
0
3.4
0
2.8
8.8
43.3
2.1
7
2.9
0
0
0
0
2.7
9
5.3
1.5
0
11
12.9
0.8
2.1
3.9
12.8
6.2
0
0.4
18.4
3
0
2.1
0
0
13.8
20.6
12.3
13.7
0
0
4.8
21.2
0
0
0
0
0
0
3.2
0.4
1.6
0.4
0
0
6.1
0
0
0.7
10.1
0
0
0
0
0
0
0
0
0
1.3
0
0
0
0
0
0
0
3.3
20
0
0
0
7.6
0
0
0
0
0.5
0
4.2
5.3
0.6
0.5
48.2
1.8
1.3
12.9
3.7
1.9
1.8
0
0.5
6
0
0
0
0
6.7
0
0
0
0
0
0
0
0
0
0
0
0
0
0
0
0
0
0
1.1
4.9
19.5
8.9
7
9.9
1.9
0
0
0
0
0
0.4
0
2.5
7.5
7.1
0
0
0
0
0
3.9
10.2
0.1
0
0
0
9.5
7.8
0
0
0
0
0
0
0.7
4.7
6.3
0
0.6
0
0
0
0
5.8
1.2
0
0
0
1.3
11
0.2
0
0
0
0
3.5
7.6
1.9
8.8
0
0
0
1.5
20
0
0
0
0
0
8.9
0
0
0
0
0
0
1.9
5.6
0
0
5.7
0
0
11.1
3
0
0
2.5
0
0
0
7.8
0
0
0
0.2
0
0
0
0
0
0
0
0
0
0
0.1
0
0
0
0
0
4.3
4.2
0
6.1
0
0
0
0
0
0
0
10.1
0
0
0
0
0
0
0
0
4.7
0
0
0
0
0
13
17.8
27.3
29.5
6.1
0
1.5
8.4
0
0
0
0
0
0
0
0
0
0
0
0
0
0
0
0.7
4.1
0.7
0
0.9
0
0
0
0
1.3
0
0
0
0
0
0
2.9
1.2
2.2
0
0
0
0
0
0
0
0
1.8
4
3.6
0
0
0
0
0
0
0
0
0
0.5
0
0
0
0
0
0
2.7
0
0
0
0
0.8
0
0
0
0
0
0
0
6.2
0
0
8.8
0
0
0
0
0.8
0
0
18
0
0
0
0
0
0
0
0.4
0
0
0
0
0
0
0
10.6
0
0
0
0
0
0
0
0
0
0
0
0
5.4
0
0
0
0
3.3
0
1.1
6.9
0
0
0
0
0
0
4.7
54.3
0
0
0
3.5
15.3
22.3
20.7
0.8
0
0
6.9
22.8
31.6
1.9
0
4.8
0
0
0
0
0
0
2.8
6.6
0.4
7.6
22.1
2.5
0
0
0
4.4
19.9
6.1
0
0
0
0
0
0
0
0
0
1.3
1.6
0
0
7.3
0
0
0
0
0
0
0
0
0
0
0
0
0
0
0
0
0
0
0
0
1.9
11.6
15.3
0.2
10.2
5.1
0
6
4
2.3
16.5
2.8
0
0
0
0
0
0
0
0
9
7.7
0
9.6
5
0.6
0
0
0
4.4
0
0
0
0
0
0
0
0.7
0
0
0
0
0
6
0
4.1
6.2
13.3
13.5
0
0
0.5
0
0
0
0
0.9
12.9
6.4
0
0
0
0
0
0
0
8.1
0.6
8.1
0
0
1.2
0.1
0
0
0
0
0
0
0
1.4
0
0
0.5
0
0
0
0.6
6.4
26
5.4
18.1
13.6
16.8
0
0
0
0
0
0
0
0
3.5
0
0
0
0
0
0
0
0
0
0
11.7
2.3
11.8
14
5.7
0
0
3.4
2.3
0
4.3
8.4
0
0
0
0
0
0
0
0
0
0
12.3
10.5
0.1
0
0.1
0
0
0.2
0
2.1
3
22.3
18.7
0
0
0
0
0
0
3.4
0.5
0
0
0
0
1.2
0
0
0
0
0
0
10.2
0.1
0
0
0
0
0
0
0
0
0
0
0
0
0
0
0
0
0
6.8
4
2.8
0
0
0
0
0
0
0
0
0
0
0
0
4.4
0
0
0
2
0
0
0
0
0
8.8
0
0
0
0
0
0
15.7
8.2
24.3
9.9
23.4
15.9
0
0
0
0
11.7
9.1
23.2
0.2
13
7.8
0
11.2
24.3
0.1
0
3.3
14
0
0
0
0
0
0
0
0
0
0
0
6.7
0
0
6.6
0
0
1.3
0
0
0
0
0
0
0
14.9
38
0.7
3
0
0
5.6
0
0
0
0
0
0
0
0
0
0
0.6
0
6.4
7.1
0
0
0
0.2
0
0
0
0
0
0
0
2.3
0
0
0
0
0
0
0
4.3
0.1
2.1
0
0
0
0
0
0
4.2
12.1
23.3
12.4
17.8
9.6
1.8
0.9
6.1
2.8
1.8
0
0.1
0
4.2
6
0
0
0
0
0
0
1.5
1.8
0
0
0
0
0
0
2.5
0.6
0
9.9
0
4
0
0
0
0
1.2
0
0
0
0
0
0
0
0
0
0
0
0
0.1
8.2
0.1
0
0
0
2.3
3.5
0
0
0
0
0
0
0
0
0
0
0
0
0
0
0
0
0
0
0
0
0
1.2
1.9
0.2
0
0.4
1.8
0
0
0
0
0
2.2
0
0
0
4
1.3
0
0
0
0
0
0
0
0
0
0
0
0
0
0
0
0.2
0
0
0
0
0
0
0
0
0
0
0
0
7.6
6.4
1.2
9.9
4.7
5.6
5.8
3.9
0.1
0
0
1.2
0.1
0
0
0
0
0.7
0.6
0
0
0
0
0
0
0
0
0
0
0
0
0
0
0
2.8
1.1
3.5
0
0
0
0
1.1
0.1
0
0
0
0
0
0
0.2
14
0
0
0
0
0
0
0
0
0
0
0
0
0
0
0.2
0.1
0.1
1.2
0
0
0
0
0
0
0
0
0
0
0
0
1.2
0
0
0
0
0
0
0
0
0
0
0
0
0
0
0
0
0
0
0
0
0
0
0
0
2.9
1.8
0
3.5
4.1
0
0
2.6
0
3.7
0
0
14.4
5.8
9.5
0
0
0
0
3.5
2.9
7
2.9
9.4
2.9
0
0
9.4
8
0
0
0
3.5
7
0
3.2
1.8
0.7
2.3
12.3
11.7
0
0
0
0
0
0
0
5
0
0
3.7
0.7
0
0
0
0
21.2
0
0
0.1
5.4
0
0.9
0
0
1.8
0
0
0
19.2
7.5
3.3
1.4
17.8
2.1
0.4
2.3
0
0
0
0
0
0
0
0
0
0
0
0
0
0
0
0
0
0
0
0
0
0
0
0
1.9
0
0
0
0
0
0
11.7
2.7
0
0
0
0
0
0
0
0
0
0
0
0
1.9
5
19
1.3
0
3.9
0
13.9
17.5
5.6
0
0
0
0
0
0
0
0
0
0
6.7
0.9
0.5
0
0
0
0
0
0
0
0
0
0
0
0
2.9
48.8
6.4
18
0
0.1
0
5.8
0.1
0.1
0.7
0.4
0
0
0
0
0.9
0.5
2.2
1.2
13.5
28.7
0.2
12.6
0
1.2
0
0
0
2.2
7.5
18.7
10.4
12.2
0
17.5
0.1
0
0
13.6
0.1
4.2
0
4.7
0.4
0.7
0
0
0
0
0
0
0.4
0
0
7.5
0
0
0.1
0
0.6
0
0
0
0
0
8.8
3.5
6.6
16.5
0
0
0.9
0
0
0
0
2.1
0
0
0
0
10.6
0
0
0
0
0
0
1.9
0.2
0
0
0
0
0
0
0
0
0
0
0
0
0
0
0
0
5.8
0
0
0
0
0
0
0
0
0
0
0
0
0
0
0
0
0
0
0
0
0
0
0
0
0
0
0
0
0
9.7
0
0
0
0
0
0
4.4
9.8
7
3.6
0
0
1.2
0.7
10.4
0
0.6
0
0
0.1
0
0
0
0
0
0
0
0
0
0
0
0
0
0
0
0
0
0
0
0
0
0
1.1
8.8
0
0
0
0
0
0
0
0
0
0
0
0
0
0
0
0
0
0
0
0
0
0
0
0
0
0
0
0.2
0
0
0
0
0
0
0
0
0
0
5.3
4.6
1.1
3.3
0
6.4
4.2
4.6
2
2.6
0
0
0
0
0
0
0.4
3.4
2.1
0
0
0
0.1
6.4
0.2
0
0
0
0
0
0
0
0
0
0
0
0
0
0
0
0.5
0
0.2
0
0
0.1
1.8
6
13.1
12.9
0.6
13
9.2
0.4
0
40.4
0.1
31.5
10.1
0.1
0
0
0
0
0
0
0
0
0
0
0
0
0
0
0
0
0
0
0
0
7
2.2
7
2
8.9
3.6
0
1.3
5.8
3.4
1.1
0
0
0
0
0
0
0
0.1
0.1
0
0
0
0
0
0
0
4.6
0
0.1
6.9
2.5
0
38.6
0
16.5
3
0
0
0.1
18
13.2
0.5
7.1
0.1
2.5
0.1
0
0
0
2.2
20
0
0
0.1
0.7
0
0
0
0
0
0
0
0
0
0
0
0.1
2.7
0
4.6
0
3.4
0
0
2.5
41.1
0.5
0.9
4.6
0
0
0
0
0
2.3
3.6
0
0
0
0
0
0
0
0
0
0
0
0
0
0
0
0
0
0
2.9
0
17.4
5.1
27.5
38.4
22.5
11.7
0.2
0.8
0.4
0.1
0.1
1.5
0.6
0.2
2.8
0.1
0
0
0
0
0
0
1.2
7.7
2
0.1
0
0
0
0.4
0
10.5
1.2
19.9
3.5
0
2.8
0
0
0
0
0
0
0
0
0
1.3
4.6
0.6
0.1
0
0.1
14.6
11.7
7.7
14
14.7
12.9
0
0.1
0
1.4
0.8
6.6
0.1
0
0
2.2
13.6
6.4
0.1
0.1
0
0
0
0
0
0
0
0
0
0
0
0.1
0
0
0
2.1
2.5
0.1
0.1
0
0
0
0
0
0
0
0
0
6.6
4.7
0.2
0
0
0
0
0
0
0
0
9.2
4.2
0
0
0.2
2.7
0.8
5.8
0
0
0
0
0.2
10.9
0
0
0.2
0.1
0
0
0
0
0
0
0
0
0
0
7.8
0
0
0.4
12.3
3.4
0.1
0
0
7.6
0
0
0.1
2.3
5.1
0.6
7.7
2.5
12.3
18.1
6
31
0.6
0
0
0
0.1
1.9
6.7
6.6
10.6
0
0.1
4.7
1.9
0
0
0
0
0
0
0
0
0
0.2
0
0
0
0
0
0
0
0
0
0
0
0
0
0
6.4
0
0
0
0
0
0
0
0
0.6
8.5
0
0
2.9
15.2
0
2.3
0
0
0.6
0
0
0
15.4
0.4
0
0
0
1.8
3.4
0
0
1.8
4.6
32.8
39.2
0.5
0
2.7
0.1
0
0.2
0.4
0
2.8
0
2.5
0
3.6
2.9
4.1
3.9
6.6
0
17.5
9.7
0
0
2.9
0
7.4
7.6
1.3
0
3.5
9.4
6.9
1.1
2.1
1.8
1.2
7.8
0.1
0
3.5
0
0
0
0
0
16.7
10.5
0
6.4
0
7.6
0
0
0.6
0
0
0
1.2
2.9
0
0.1
0
0.6
2.2
2.9
0
0
0
0
0
0
0.8
23.5
32.3
4.4
34.2
6.4
22.8
7
4.1
8.2
4.7
0.6
0
0.1
0.1
0
0.1
0
0.8
0
1.4
13.5
6.4
0
0
0
0
0
0
0
0
0
3.3
2.6
1.2
0
0.1
0
0
3.5
4.1
0
0
0
17.4
1.2
4.7
17.7
20.5
29.2
18.7
0
0
0
0
0
0
0
0
0
0
0
0
4.1
13.3
0
0
0
0
0
0
0
0
0
0
0.4
0
0
0.5
0.4
0.1
0
0.1
0.1
0
0
0
0
0
0
0
0
0
0
0
0
0.1
0.7
0.5
0
0
0
0
0
0
0
0
2.5
4.6
1.4
7.3
0
0
0
0.1
0.1
9.9
7
5.3
14.2
0
18.7
0
0
0
0
0
1.3
1.1
0.1
12.3
5.8
0
6.4
1.4
0
0
0
4.1
0
0
2.3
0
0
0
2.3
0
0
0
0.2
0.4
0
0
0
0
0
0
0
0
0
0
0.6
0
0
0.1
2.9
0
24.6
0
0
0
0
0
3.4
13.7
0
2.5
13.9
9.1
8.2
7.1
11.1
2.9
0
0
0
0
4.6
1.3
0
0
2.2
2.7
0
0
3.4
0
0
2.9
4.7
9.5
0
0
0.1
0.1
0
0
0
0
0
1.9
7.5
0
0.1
0
0.1
0
8.5
24.2
7.4
0
3.5
0
2.3
1.8
2.9
6.4
1.2
0
0
0
0
0.1
0
0
0
0
0
0
0
0
0
0
0
2.7
2.9
2.6
1.8
1.8
0.1
0
0
0
0
0
0
7
0
0
0
0
0.1
0
0
0
0
0
0
0
7.6
6.1
0.2
6.4
0
4.6
9.4
7.4
0
16.4
11.7
0
0
0
0
0
5.8
0
1.6
0.1
0.4
0
0.1
18.7
12.4
55.1
7.6
0
0
0
0
4.7
0
0
0
0
0
0
0
0
0
15.2
0
0
0
0
8.8
64.9
5.1
0
0
0
0
0
0
0
0
0
0
0
0
0
3.4
0
0
0
1.9
8.3
0.2
3.3
0
0
3.4
0.7
0
0.1
0
0
3.9
0
0
0
0
0
7.4
0
0
0
0.1
0
2.3
0
0
0
0
3.6
0
0
3.5
0
0
0
0
2.3
0.1
0.5
61.4
11.1
19.4
0.6
16.8
24
0.5
6.3
9.9
19.2
0.6
6.1
0.1
0
18.1
22.9
9.8
1.4
0
1.4
0
0
0
2.3
0
0
0
0
0
0
0
0.6
0
0
0
0
14.4
7
6.9
0
1.8
0
0
4.1
0.4
0.6
0
0
0
0.8
1.8
0.1
0
0
0
0
0
0
0
0
0
0.4
0
0
1.4
1.2
7
0.2
3.6
0.1
0
2.9
0
0
0
0
0
0
0
0
0.2
0
7.5
1.2
0
0
0
0
0
0
0
4.7
0
0
0
0.1
2.9
0.2
30.5
0.4
0
11.1
0.1
0
0
1.4
0
0
0
0
2.9
0
0
0.6
0
0
0
0
0
0
0
0
0
0
0
0
0.2
0
0
0
0
0
0
5.4
0
0
0
6.4
0
0
0
0
1.8
0
0
0
0
0
2.9
0
0
0
0
0
0
0
0
0
0
4.7
1.9
0
0
1.1
0
0
0
6.4
0
0
0
2.5
0
3.4
0
3.5
0
0
0
0
0
0
0
0
0
0.1
0
0
0
0
1.9
0
0
0
0
0
0
2.9
4.7
14.4
0.2
0
0
0
0
0
0
1.9
0
0.2
5.8
0
0.2
15.1
0
2.8
0.1
6
4.6
0
0
0
0.2
7.5
0
0.1
3.4
4
0
0
0
0
0
0
0
0
0.1
0
0
0
0
0
2.8
8.8
6.8
3.9
0
0
0
3.5
0
0
0
17.8
6.4
9.1
0
0
5.7
1.8
0.1
0
0
0
0
0
0
0
0
0
0
0
0
0
0
0
0
0
1.6
0.1
11.7
5.1
4.6
7.8
0.1
0.4
12.5
17.8
2.3
0
0.6
19.1
3.6
2.3
0.2
0.1
0
20.6
11
0
0
1.6
0
0.9
0.8
10.1
0
0
0
0
0.1
4.7
22.2
21.8
0.1
0
0
0
11.9
0
0
0
20.2
4.8
0
0
0
0
4.1
2.3
0
0
8
0
2.1
0.9
0
11.9
10.9
1.8
0
0.1
3.7
0
0
0
0.2
27.3
1.9
0
0
4.1
0
0
2.2
25.9
7.6
0
0
0
0
0
0
0
0.2
0
4.6
10.6
0
0
0
0
0.1
0
0
0
15.1
0
0
0
0.1
3
0
0.8
0
9.8
3.5
4.8
43.4
51.2
42.7
4.8
1.2
0.1
0.1
13.5
4.1
4.2
18.1
10.4
12.3
0.1
2.9
0.9
2.5
8.2
2.8
13.5
19.9
33.8
0.1
7.6
42.6
5.8
1.2
1.4
0.5
29.6
12.5
11.3
1.2
18.8
33.6
6.6
0.1
6
6.4
37
20.7
36.9
18
37.6
29.5
14
30.2
3.6
13.9
1.8
4.1
6.4
0.6
7.1
0.2
0
3.5
0.7
0.4
12.4
11.2
4.4
2
0.1
19.2
8.7
0
0
0
0
0
0
0
0
0
0
0
0
5.3
0
0
0
0
0
9.9
11.5
11
4.6
13.1
13.7
0.6
0
0
0
0
0
0
0
0
0
0
0
0
0.1
4.1
5.8
8.5
23.6
10.6
3.5
2.3
0
0
0
0
0
0
0.1
0
0
3.3
1.8
0
0
3.9
5.7
0
0
0
0
0
0
0
0
0
0
0.1
0
0.2
1.5
1.6
1.8
0.1
0
0
0
0
0
0
0
0
4.7
6.4
10.5
9.9
6.3
0
0
0.1
0.1
0
0
0
0
0
0
0
0
0
0
0
3.6
0
0
0
0
8.5
42.8
8.8
1.2
1.1
0
0
0
0
0
0
0.8
0
0
0
0
0
0
0
0
11.2
4.1
18.8
8.2
0
0.1
1.4
8.8
0
0
0
0
0
0
0
0
0
0
0
0
0
0
0
1.8
0
0
0
0
0
0
0
0
0
0
0
0.6
16.5
0.2
0
0
0
0
0
0
2.3
12.1
2.3
0
0
0
0
0
0
0
0
0
0
0
22.7
13.3
0
0
0
0
0
0
2.8
4.7
0.7
0
0
0
0
0
0
0
11.8
44.2
1.4
7.6
0.5
0.2
7.3
10.9
0
0
0.1
0.2
10.3
4.6
5
0
0
0
0
0
0
0.1
0
0
0
0
29
13.3
0
2.8
0
15.7
5
0
4.9
0
1.1
0
0
28.5
0
0
4.8
6.3
0
0
0
0
4.2
1.2
0.2
0
0
0
0
0.5
3.6
16.4
4
0.1
0
0
0.1
11
5.3
0
0
0.5
0
17.4
6.9
0.8
0
11.1
0.1
8.8
0
0.1
0
0
0
0
0
0.6
10.6
37
0.1
0
0
0
22.3
24.8
22.2
6
4.1
2.8
0
0
0.1
3.5
5
0
0
0
0
0
0.4
0
3.7
0.1
2.3
0
0
0.1
13.9
0
0
0
0
0
0
0
0
0.1
0
0
0
0
0
0
0
0
0
0
0
0
0
0
1.4
0
1.6
0
7.8
1.4
24
30.5
18.3
0
7
7.6
0
0
0.1
0
0
0
0
0
0
0
0
0
0
0
0
0
0
0
3
0
0
0
0
0.8
0
0
0
0
0
0
0
0
0
0
0
0
0
0
0
0
0
0
0.1
10.5
0
0.7
11.8
4.8
0
2.5
0.2
0
4.2
3.4
0
0
11.1
0
9.1
0.4
0.5
10.9
0
0
0.1
7
1.4
0
4.4
0
0
0
0
0
0
0
0
0
1.9
0
0
0
0
2.5
2.9
0
0
0
0
0
5.3
0.1
0
0
0
3.6
0
0.2
0
0
0
0
0.2
9.5
2.8
0
0
0
0
0
0
0
0
0
0
0
0
1.2
0
0
0
0
1.2
0
0
0
0
0
0
0
0
0
0
0
0
0
0
0.2
0.1
0
0
0
0.4
8.8
12.1
21.1
64.6
20.5
0
0
0
0
0
0
0
0
0
2.9
1.8
0
1.8
0
0
0
0
0
0.1
0
0
8.9
2.9
12.9
4.1
21.6
30.4
10.1
0
0
0
0
0
0
0
0
0
0.2
0
23.4
9.6
0
0.1
0
0
0
0.1
2.1
0
0
0
3.7
0
0
2.6
2.5
1.4
5.8
9.6
2.9
5.3
12.3
0
14.4
0
0
0
1.4
4.1
19.3
4.7
0
0
0
0
0
0
11.9
1.6
24.6
0
19.8
17.1
0
0
0
0
0
0
0
0
3.5
0
0
0
0
0
0
0
0
0
13.5
14
0
0
0
0
0
0
0
0.2
0
0
0
0.1
0.5
0
0
0
0.1
4.7
0
0
0
0
19.3
7.5
7.6
4.7
0
0
0
0
0
0
0
0
0
0
0
0
0.1
0.2
0
0
4.1
0
0
0
0
0
0
0
0
8.1
6
0
1.3
0
0
0
0
0
0
0.1
0.1
0
0
1.8
0.1
0
0
0.1
29.8
37.1
0
6.4
0
0
0
0
0
0
0
0
0
0
0
6.3
0
5.7
0
0
1.2
7.1
0
6
0
0
0
0
0
0
0
0
12.1
5.5
0
0
0
0.6
11.7
4.9
1.4
1.9
1.6
2.7
0.8
0.2
0
0
0
0
0
0
0
1.2
2.5
0.1
0
0
0
0
0
0
0.1
1.8
1.2
6
16.3
6
0
0
0
0.2
6
0
1.4
0
0
0
0
0
0
0
0
0
0
0
0
0
0
35.7
13.5
0
0
0
0
0
0
0
0
0
0
0
3.6
11.7
0
0
0
0
0
3.9
0
0
0
0
0
0
0
0
0
0
0
0
0
0
0
0
0
0
0
0
0
0
0
0.2
11
16.3
0
0
2.5
0
0
0
0
0
0
0
0
0
0
0
0
0
0
0
0
0
0
0
0
0
0
7.1
0
0
0
0
0
0
0
0
0.1
7.6
0
0
0
0
0
0
0
0
0
0
0
0
0
0
15.2
6
3.5
9.4
1.9
1.4
0
11.2
0
0
0
0
0
0
0
10.1
23.9
12.8
0
0
0
0
9.9
3.9
1.4
0
0
21.4
7.3
8.5
0
0
0
0
0
0
0
0
0.5
0.1
11.5
0
0
2.7
0
0
0.1
0.1
0
0
0
0
0
0
0
0
2.9
0
24
0
0.1
0
0
0
0
0.5
24.1
4.1
0
4.1
0.1
0
3
7.6
4.1
0
8.3
0
0
0
0
0
4.9
6.2
0
0
10.8
0
1.5
13.6
13.6
10.5
1.4
0
0
0
0.7
3.5
0
0
0
0
0
0
0
0
0
0
0.6
35.7
8.2
0
0
0
0
0.1
0
5
6.4
0
0
1.2
0
1.4
0
0
0
0
0
0
0
0
0
0
19.9
1.2
0
0
0
0
0
0
0
0
0.1
0
0.2
5.6
0
35.2
0
0
0
1.8
0
0
0
0
0
3.5
0
0
0
22.8
0
0
0
5.3
0
0
0
0
0
1.8
0
0
0
8.7
0
0
0
0
0
0
0
0
4.6
0
5.7
8.9
11.7
3.5
0
0
0
0
0
0
0
0.1
2.2
0.1
5.5
4
0
0
1.1
0
0
0
0
0
0
1.8
18.8
3.6
4.8
8.7
28.8
5
0
0
0
0
0
0
0
0
0
0
11.9
3.5
0
0
0
0
0
0
0
0
0
0.1
0
0
15
10.8
0
0
0
0
0
0
0
0
6.1
7.1
0
0.1
0.1
9.5
23.5
1.4
0
0
0
0
0
0
1.3
0
0
0
0
13
0
0.1
3.7
11.1
4.7
13.5
0
5
5.8
0
0
0
0
0
0
0
0.4
6.6
0
0
0
0
0
0
0
0
0
0
0
0
0
0
0
0
0
0
0
0
0
0
0
0
0
0
0
0
0
0
8.1
0
8.4
0.1
0
7
6.1
0
0
2.6
0.1
0
0
0
0
0
0
0
0
0
0
5.8
16.4
0
0
0
0
0
0
0
0
0
0
0.1
0
0.2
3.7
16.5
0
0
0
0
3.4
13
1.8
3
1.3
0
0
0
0
1.8
35.7
19.1
6.4
0.2
0
0
0.4
0
0
0
0
0
0
0
0
0
0
0
0
0
0
0
0
0
0.1
0.1
0
0
0
0
0
0
0
0
1.2
0
6.4
0
0
0
0
0
0
0
1.2
25.2
12.9
0
0
0
0
15.8
6
0.2
0.6
2.7
0.1
2.5
10.6
0
0
0
0
0.1
0
0
2.9
0
3
6
0.2
0.6
0
0
3.6
11.6
0
0
0
6.6
1.2
5.1
0
0
0
0
0
0
0
0
0
22.8
46.2
3.5
0
0
0
0
0
0
0
0
0
0
7.6
1.8
17.5
21.6
0.5
0.7
2.3
0
1.2
2.3
3.5
17
1.4
15.7
24
8.8
0
0
0
0
0
0
0
0
0
0
1.9
0
1.3
0
2.9
0.1
0
0
0
11.5
10.6
5.8
0
0.4
0
0.1
0
0
0
0
0.6
29.1
11.3
52.8
3.3
0.2
0
0
0
0
0
0
0
0.2
5.7
3.5
4.1
10.6
2.1
14.6
13.5
2
0
2.8
12.8
0
0
0
1.3
0
0
0
0
2.9
6.1
0
3.4
0
0
0
0.4
0.9
0
0
0
0
0
7.6
0
0
0
4.1
5.3
0
0
9.2
19.7
0
0
0
0
0
0
0
0
0
0
0
0
0
0
0
0
0
1.2
2.2
0
0
0
0
0
0
0
0
0
0.1
0
5.1
11.3
0
0
0
15
0
0
0
0
0.1
0
11.8
0
0
0.2
3.6
0
0
0
0
0
0
0
8.3
0
0
0
0
0
0
0
0
0
0
0
0
0
0
0
0.1
0
0
0
9.4
0
0
0
0
0
0
0
0
0
0
0
0
0
0
0
0
0
0
0
0
0
0
4.7
0
0
0
0
0
0.5
1.8
0
0.8
0
7.1
0
0
0
0
0
0
0
0
0
0
0
0
0
0
0
0
0
0
0
0.1
0
14.5
20.9
1.3
0
0
0
0
0
0
0
0
0.9
0
0
0
0
0
0
0
0
0
0
0
8.3
0
0
0
0
0
0
0
0
0.1
0
0
0
0
0
0
15.3
0
7
0
0
6.1
40.8
9.9
0
0
4.8
0.4
0
8.4
0
0
0
0
2.1
6.2
6
1.2
0
0
0
0
0
2.5
12.9
23.3
22.2
0
0
0
0
0
0
0
0
0
0
0
0
0
0
0
0
0
0.1
3.5
0
0
0
0
0
0
0
0
0
0
0
25.4
0
0
0
52.2
9.8
0.6
0.7
0
15.7
2.3
4.8
5.3
0.6
1.4
5.3
0
0
0
0
0
0.6
3.5
4.8
16.8
0.6
0.8
1.4
2.2
0
0
0
0.2
0
0
0
0
0
0.2
0.7
12.9
18.1
0
0
0
0
0
0
2.2
0
0
0
0
2.5
0
0
0
0
0
0
0
0
0
0
0
0
0
0
0
0
0
0
0
0
0
4.8
0
3.5
2.3
0
0
0
0
0
5.8
0
0
0
0
0.2
0
0
0
0
0
0
0
9.4
0.6
8.8
0.6
0
24.6
0
1.2
10.4
2.9
2.3
10.5
4.7
9.4
15.8
0
2.3
2.9
0.6
1.2
0.6
0.6
4.3
0
0
0
0
0
0
0
0
0
0
0.1
0
22.8
4.7
0.1
0.1
0
0
0
0
0.1
0
0.4
2.7
12.5
7
1.8
0
0
0
0
0
0
0
0
0
0
2.3
0
0
0
0
0
0
0
0
0
4.6
1.3
0.6
0
0
0
0
0
0
0
0
2.3
1.2
0
0
0
0
0
2.3
16.4
7
14.6
9.4
0
0
0
0.2
0
0
0
0
0
0
0
0
0
0
8.2
15.2
0
10.5
14
0
0
0
0
0
1.2
22.5
9.5
2
0
0
0
0
0.5
0
0
0
0
2.1
0.1
4.9
0
0
0
0
0
0
0.1
0.5
0
0
0
0
0
0
0
0
0
0
0
0
0
0
0
0
2.6
4.6
3.3
1.4
0
2.7
0
0
0
5.6
0
0
0
21.1
3.5
0
0
16.1
1.9
0
24.6
30.4
3.6
0
0
0
0
0
2.1
0
0
0
0
0.6
2.2
21.8
3.9
0
0
0
0
0
0
0
0
0
0
0
0
0
0
0
4.9
18
15.1
0
19.4
12.3
8.8
0.4
3.4
0
0
0
0
0.4
0
0
0
0
0
0
0
0
0
0
0
0
0
0
0
0
0
0
0
0
0
10.8
14.2
0
0
0
0
0
0
0
0
0
0
0
0
0
0
0
0
9.2
0
0
2.5
0
0
0
0
0
0
0
0
0
2.3
0
6
0
1.5
0
0
9.9
13.3
0.5
0
0
0
0
0
0
1.3
0
15.1
6.9
2.3
0
0
16.5
4.4
0
0
0
3.6
0
1.5
3
2
0.7
3.6
0
36.3
28.1
0
0
0
0
23.5
17.9
0
0
0
0
0
0
0
0
0.8
1.3
0
0
0
1.5
11.3
4.9
0
0
0
0
0
0
0
0
2.8
0
2.5
0
14.4
2.5
4.7
7.4
20
0.9
2.7
0
0
10.6
8.7
0
0
0
0
0
27.1
1.9
7
7
2.3
0
0
3.5
17.5
0
0
0
9.6
21.2
0
0
0
0
0
0
0
0
0
6.6
0
0
7.5
0.6
12.8
0
0
23.5
1.3
8.8
10.2
23.8
23.5
0
26.1
0
2.8
0
0
0
0
0
0
0
0
26.3
0
0
0
0
0
0
17.5
0
0
0
0
0
0
0
0
0
0
0
0
0
0
0
15.8
11.1
11.8
0
0
0
0
0
0
0
1.3
19.9
0
4.9
2.5
17.1
0
0
0
5.4
0
0
9.5
0
0
1.3
0.8
0
0
0
0
8.1
0
0
0
0
0
0
2.8
0
0
0
0
0
0
0.1
0.1
0
0
14.3
15.3
0
3.5
0.6
0.6
0.5
10.4
4.8
2.6
2.1
11.3
0
0
0
0
0
12.4
18
0
0
0
0
0
0
0
0
0
0
2.3
0
0
0
0
0
0
0
0
0
0
0
0
0
0
0
0
0
0
0
0
0
0
0
0
0
0
0
0
0
0
0
0
0
0
0
0
0
2.5
0
0
0
0
0
0
0
0
0
0
0
0
0
0
0
0
0
0
2.5
16.1
0
0
0
0
0
0
0
0
0
0
0
0
11.5
48
2.3
6
8.9
23.3
0
0
0
0
0
0
0
0
0
0
0
0
0
0
0
0
0
0
0
4.1
35.3
36.6
0
0
0
0
2.2
2.5
5
0
29.7
70.3
23.6
10.6
0
0
49.7
17
4
4.9
4.7
7
7.6
0
1.2
13.6
0
7.1
0
0
6.3
0.9
0
0
11.6
0
0
0
0
0.6
0
0
0
0
0
0
0.5
0.6
0.8
4.4
38.4
28.7
0
33.9
49.4
0
0
0
0
0
0
0
0
0
0
0
0
0
0
0
0
0
0
0
0
0
0
0
0
0
2.8
0
0
0
1.5
4.8
4.3
0
0
0
0
0
0
0
0
0
0
0
0
46.3
21.5
0
0
0
0
0
0
0
0
0
0
0
0
0
0
0
0
0
0
0
0
0
0
0
0
0
0
0
0
0
0
0
0
0
0
0
0
0
0
0
0
0
0
0
0
0
0
0
0
0
0
0
5.7
3.6
0
0
0
0
0
4.8
3.9
16.8
2.3
26.2
0
1.4
0
1.1
0
0
2.2
0
0
0
0
0
0
0
0
0
0
0
0
0
0
0
14.7
0.1
0
5.4
1.7
0.1
0.2
2.6
2.8
2.6
1.9
12.7
2.2
11
2.6
7.9
10.9
0.2
3.1
3.8
11.3
15.7
24.9
0.8
18.4
1.1
0.5
0.1
0
1.9
1.8
1.9
1.2
0.5
0.2
0.3
0.5
11
7
0.6
2.2
5.9
8.3
5.7
0.5
0.2
0.3
0
0.2
0.4
0.1
0.2
0.4
0.2
0.1
0
0.1
0
1.3
0.5
0.2
0
0.1
5.8
0
0.3
10.6
0.4
0
0.6
0.5
2.8
2.6
3
5.5
1.8
28.6
19.9
1.5
0
1.3
0.3
0.5
1.3
0.6
0.6
8.2
3.6
0
0
0.8
2.7
0
0.4
17.1
19.2
26
0
1.5
7.9
0
0
0
27.6
9.8
0
0
0.9
9.1
7.5
2.4
1.2
0.1
0
0
0
0
0
0
0
0
0
0
0.6
1.7
1.6
0.1
7.8
36
3.3
0.1
0.2
0
0
0
0
0
0
0
0
0
0
1.7
2.5
0.1
0
0
0
0.2
0.4
3.2
12.3
0.1
0
0
0
0
0
0
0
0
0
0
0
0
0
0
0
0.1
0.6
0.3
7.8
11.3
2.2
1.3
0
0
7.8
0.9
0
2.8
1.8
0.1
0
0.2
0.2
0.1
10.5
0
0
0
0
0
0.4
47.4
5.1
0
0
0.6
8
0
0.8
0
0
0.1
0
0.6
10.8
24.7
6.8
0
0
0
0.1
0.2
0.1
0.1
15.3
4.3
0.2
0
9.6
7
6.4
2.2
1.8
2
0.7
7.5
14.3
1.8
8.2
3.6
13.7
0.1
0.6
0
0
2
1.4
0.5
0
0.1
0
1.9
0.1
0.1
0
0
0
2
2.5
27.4
0.1
5.6
0
0.1
6.4
7.3
2.3
7.5
3.1
0
0.1
0
6.1
1.2
0
0.1
0.9
0
0
0
0.1
0.1
0
0.1
0.2
0.2
0
11.5
0.1
1.9
0.8
17.4
0
0
0.2
8.9
0.1
1.1
0.1
0
0
0
0.3
0
0
0
0.6
2.5
0
0
4.6
2.7
1.8
0
0
0.6
9.4
0.8
0.1
0.4
0.1
0.2
0.1
0.1
0.2
14.7
8.9
25.4
4
0.4
0.4
3.3
0.9
1
0.3
0.6
0.6
0.7
1
0.9
0.5
0.6
0.9
0.6
0.2
0.2
0.4
45.9
0.2
1
1.7
1.9
0.2
7.3
0
0
0
0
0
0.1
0
1.4
0.8
0.1
0.1
1.1
0.9
4.9
0.7
0
0.4
0
0
0
0
0
0
0
0
0.1
0
0
0.6
0
0
0.5
0
0.9
0.1
0
1.1
0.2
0
0.4
0
4.7
5.3
20.8
4
9.7
0.1
2.7
7.3
34.9
0.7
0
0.2
0.5
0
0
0
0
0
0.4
8.2
0.7
6.9
5
0
0
0
0
0
0
0.2
8
4.3
1.4
0
2.6
1.2
12.1
0.9
0
0
0.2
0.2
0.1
6.4
1.4
2.6
6.8
2.1
3
4.7
10.3
9.7
1.9
0.4
0.1
9.1
0.5
0
0
0
0.5
0.2
0
0
0.1
0.4
0.4
0.2
0.4
1.4
6.8
0
0.1
0.6
0.1
0.2
0
0
0
0
0
11.6
15.8
0
0
0
0
0
0
0
1.2
0
0
0
0
0
0
0
0
0
5.6
1.2
0
0.5
0
0
0
0.1
0.1
0
0.5
0.5
9.4
0.2
0.2
0
0
0
1.4
0
1.5
5.8
9.5
4
7.4
0
1.8
0.1
0
0
17.7
0
0
0
0
0
0
0
0
0.2
0
0
1.1
2.6
0.4
1.3
0.8
1.8
0.8
0
0
0
6.9
9.4
0.2
3.7
0.4
0
0
0.2
0
0.5
0
0.4
0.2
0
0.4
0.5
0.1
0.6
8
1.4
19.9
22.1
0.6
7.7
0.8
0.1
3.2
3.3
4.7
0.5
0.4
24.8
8.2
4.1
4.8
2.1
4.4
2.8
11.5
0
4.7
0
5
30.5
0.1
0
18.7
30.2
0.4
0.2
0
0.4
0.9
0.7
5.4
0.1
0
2
0
26.7
0
0.4
0
0
19.8
0
0
1.6
0.4
25.3
2.7
5.4
20.8
0
0
1.1
3.6
0
13.8
1.1
0.9
0
0.5
0.1
0
0
0
0
0
0
0
0
0.2
0
0
0.7
0.7
0
0
0
0
0
0
0
0
2.6
0
0.9
22.3
0
0
13.5
0
0
0
0.4
4
0
0
0.1
4.8
0
0
0
0
0
0.7
0.6
0.5
4.6
5.7
0.5
0.2
0.7
0.7
0.2
1.8
12.6
11.2
22.9
1.9
1.1
2.1
7.8
1.3
0.9
0.8
0.2
0.8
4.6
22.1
9.6
1.9
14.2
0.7
1.3
0.8
3.7
9.5
9.6
2.7
11.8
0.7
0.5
0.6
6.8
6.6
0.2
0
6.2
4.8
10.1
6.9
4
5.6
3.9
0.2
0
0
0
0.4
0
0.4
0
0
5.6
0.4
0
0.5
4.7
1.8
2.3
2.3
0
0
0
0
0.6
0
0
0
0
0.6
0
0
0
0
0
0
0
0
0
0.5
2.3
3.5
0.7
0
3.6
4
0.7
0
0.1
0
1.5
0
0
0.9
3
0.9
0
0.6
0.4
0.1
0.2
0.9
0
0
0.2
0
0
0.1
0
0
0
1.8
2.6
5.5
2.6
1.2
0
0
0.5
0
2.7
0.7
3.2
0
0
0
0
0
1.1
0.2
0
0.5
0
0
0.6
1.2
0.2
0.1
0.1
0.2
0
2.7
0.9
1.4
1.5
6.3
1.2
3.9
0.7
1.8
1.8
0.7
0.4
5.1
20.9
10.6
4.1
0.4
0
0.4
1.2
0.5
2.8
0.1
0
0.2
0.2
0
0
0.8
0.5
0.6
0.7
0.4
0.7
3
0.4
0.8
0
0
1.5
0
2
0
8.2
7.4
0
0
0
0.1
0
0
0
2.3
0.6
0.1
0.1
0
0
16.3
13.5
0
0
0.5
0.4
0.1
0
0
2.8
0
0.27
0.64
0.05
0.59
0
0
0.1
0.39
0
0
0.04
5.41
12.22
1.21
0.18
15.76
21.2
3.02
0.06
0
0
0.4
9.55
1.74
0
0
0.08
0.08
0.37
3.44
0.16
0
0.19
1.68
20.51
0
0
1.9
0.5
0.52
0.05
0.03
3.55
0
1.05
16.31
0.83
10.64
0.51
12.95
2.27
0.44
0.85
3.2
5.55
2.85
0.69
0
0.03
4.95
8.17
0.14
0.23
20.55
9.08
1.92
1.87
0.01
0.22
0.38
6.33
4.06
0.33
0
0.63
0.26
11.18
1.29
15.09
0.39
0.03
0.02
3.23
4.69
3.01
0.47
2.15
0.12
1.58
26.12
2.24
6.45
3.66
5.62
6.64
0
0.95
0.73
0
0.01
0
0
0.01
0.29
0.49
1.49
1.38
19.3
2.16
0
14.47
0.29
2.7
1.79
0.4
0.33
8.86
0.2
0.77
15.61
31.36
3.8
0
0
0
0
0
0.78
1.37
12.09
7.47
3.88
18.44
1.15
0.36
0.19
0.01
0
0
0.1
0.6
0.01
0
0
1.66
1.4
0.06
0.99
1.85
0
0
0
0
13.01
1.11
9.28
6.02
0.38
0.16
7.56
0.69
0.01
0.16
0.09
0.47
0
1.25
2.77
1.25
5.85
2.71
1.01
0.75
0.14
0.56
0.12
0
1.07
0.83
0.03
0.09
0.54
0.02
0.26
0.39
1.69
0.11
0
0
0.07
0.07
0.17
2.9
0.01
0.03
0.91
0.03
2.57
6.11
0.75
0.52
0.15
0.86
4.44
2.63
2.09
1.49
0.37
0.61
2.17
1.04
0.11
0.23
0.94
0.18
0.29
0.13
0.58
2.59
0.48
0.25
3.11
3.03
7.54
9.16
0.29
8.25
6.16
0.25
10.76
1.14
0.1
0.59
12.74
3.26
0.07
0.01
0.04
0
0.49
0
0.11
1.23
0
0
0
0.04
0.09
0.07
0.13
2.35
1.9
3.99
6.03
0
0
4.33
0.56
0.06
14.48
2.86
0
0.26
0.81
1.93
2.5
4.37
0.54
0.11
0
0.5
0.52
0.99
2.13
3.64
6.28
0.96
0.07
0
0.13
0
0.14
0.93
0.48
3.53
1.38
3.66
1.87
0.61
0.03
3.81
1.67
0.05
0.29
0.9
5.75
0.19
0.16
0.03
0
0
0
0.2
0.39
1
0.75
2.75
0.12
5.15
1.32
2.45
0.73
1.92
4.25
3.43
0.64
0.34
0.22
0.05
0.25
22.21
0.2
0
0.07
0.03
0.35
0.2
0.08
0.21
0.04
0
0
0
0.03
0
0.06
0
0
0
0.98
0.23
0.95
0.27
1.53
0.26
0.8
0
0.01
0
0.31
8.62
1.09
0.8
9.92
1.47
1.92
8.83
2.08
0.17
0.06
6.03
3.24
2.04
0.14
4.75
13.29
3.08
3.52
3
20.61
3.21
1.34
0
0
0
9.65
1.56
11.67
16.3
23.9
3.16
0.06
0
8.51
2.06
0.1
11.35
6.1
2.74
0.78
0.81
2.57
2.21
0.16
0.04
0.9
2.98
0.66
0.06
3.8
13.31
2.18
2.31
0.28
0.16
6.45
3.98
7.23
3.85
5.19
1.32
0.32
0
0
0.26
0.01
12.25
2.44
3.78
3.5
0.06
14.79
4.34
12.06
2.71
10.83
0.2
0.05
0.36
0.01
0.36
0.19
0.13
0.21
4.67
6.88
2.39
8.73
0.37
0.7
10.45
0
0
0.01
10.45
36.78
0.67
1.14
0.36
9.93
5.58
1.99
0.25
0.22
4.9
4.47
0.41
5.55
12.08
7.73
0.42
0.36
0.86
1.62
3.85
9.19
11.01
12.73
3.39
0.02
0.01
1.53
12.54
15.96
9.02
1.54
0.08
0
0.58
10.1
25.16
1.43
1.18
3.04
0
0.04
0.12
3.43
0.03
0.67
0
0
0.11
11.59
0.78
1.25
1.51
2.97
1
0.09
15.49
1.21
0.39
0.07
0
0
0.1
0.56
1.6
4.49
0.34
0.79
3.05
0.26
1.65
0.72
1.07
9.79
2.42
5.91
0.29
2.47
0.36
2.27
1.13
1.29
5.16
2.21
0.62
0.19
0
0.05
0.74
0.69
1.05
0.63
0
0
0
0
2.09
2.51
0.54
0.55
0.94
3.08
1.06
2.28
1.55
6.01
0.29
7.1
3.89
6.08
0.15
8.16
0.39
2.97
0.82
0.52
7.51
11.23
0.06
4.82
12.92
14.42
5.82
1.47
3.97
0.16
0.06
0.01
0.02
0.13
2.61
0.61
0.79
0.61
0.68
0.86
4.85
7.6
0.05
0.7
15.52
1.36
11.55
4.62
0.09
0.05
3.68
0.35
6.2
0.75
0.07
1.19
0.43
0.15
0.3
0.05
0.11
4.69
0.07
0
11.17
1.35
0.62
0.31
0.6
1.51
3.77
1.66
0.84
0.73
0.11
0.04
0.44
0.08
0.59
1.41
3.56
0.18
0.18
0.29
0.24
0.18
0.08
1.32
1.25
0.14
2.71
0.02
7.9
0.55
2.51
0.2
4.24
4.64
0.01
0.15
0
4.49
0
0.01
0.74
0.05
0.11
0.68
0.14
0.82
14.36
3.95
0.6
0.71
0.02
0
3.2
0.48
0.26
0.46
1.17
0.3
2.89
1.87
0.06
0
0
0
0.11
0
0
0.58
0
0.46
0.22
2.09
0.24
0.14
0
1.1
0.66
0.04
0.02
7.34
15.11
1.33
0.91
0.11
0.28
6.92
3.06
0.64
0.59
3.54
6.1
3.03
0.96
7.18
0.42
5.26
13.52
2.18
0
0
0.87
0
0
7.08
7.75
7.49
0.05
0.35
3.44
1.98
12.1
11.92
0.43
3.31
6.54
0.14
5.4
7.94
0.71
2.33
0.71
0.43
0.02
0
0
0
0
0
0.62
0.03
1.74
2.43
0.78
0.65
8.3
1.42
0.76
0.24
0.32
0.01
1.93
0.66
0.66
3.49
0.81
1.29
0.58
9.72
1.92
6.76
0.88
0.85
0.1
0.1
6.24
3.51
4.49
0.67
0.01
0.85
5.29
1.95
2.63
0.56
1.03
2.05
0.22
0.65
17.07
2.19
19.52
8.68
2.32
8.49
3.88
0.6
2.13
0.73
4.19
1.26
4.18
3.28
0.06
10.19
4.84
0.33
0.95
0.01
0.56
28.77
0.47
0
1.14
0.13
10.33
1.71
0.84
2.43
9.91
23.23
1.2
1.78
1.53
0
0
0.24
0.22
0.02
0.18
0.04
14.11
0.09
5.26
0.75
5.97
14.81
1.02
0.59
1.89
0
8.15
0.01
6
0.47
0.06
3.12
1.12
1.38
0.08
1.75
0.11
0.1
0.82
3.16
7.23
1.56
0.97
8.69
0.28
0.36
5.75
4.71
4.11
0.52
0
0.3
0.42
0.02
6.51
15.17
2.04
1.12
1.55
3.72
1.63
1.71
13.02
0.98
0.01
0
0.63
2.37
3.53
0.18
0
0.07
0.09
12.73
6.82
7.46
6.15
7.33
0.13
11.15
0.25
0.34
0.25
3.08
2
0.6
0
2.29
13.94
0.01
12.3
12.23
13.95
4.95
2.34
0.35
1.99
2.24
1.63
8.84
9.62
9.95
0.01
0.69
1.77
0.01
0.18
5.99
1.33
8.36
6.36
5.52
4.76
6.38
0.6
0.36
0.93
5.85
0.22
0.03
1.02
0.51
0.01
0.06
0.65
0.61
0
0.31
0.04
3.1
0.11
0
0.16
1.95
0.63
10.37
9.07
2.92
0.28
0.34
0.18
1.5
1.13
3.67
6.93
3.54
0.97
0.16
3.68
14.69
5.6
9.82
0
0
0
2.5
2.6
13.8
6.9
0
10.9
2
1.2
3.2
0
2.8
4.2
10.8
0.2
0
0
0
0
0
0
0.2
0
0
0
0
0
0.1
0
0
0.2
2.2
2.3
0.5
0
0
4.6
0
1.8
5.5
0.6
0
0
0.8
1.6
3.4
2.3
0.6
0
0
0.5
1.1
2.2
2.3
0.2
5.8
0.1
0
0.2
0.4
0.2
1.3
0.6
0.2
0.4
0.7
1.4
0.5
0
0
3.3
0
0
0.2
4.9
2.6
0
0.5
0.6
2.1
0
0.2
1.3
0.8
0.6
0.9
0.7
0.4
6.2
1.2
2.3
0.4
0.2
2
1.2
1.4
1.6
0
0
6.7
6.7
0.5
0
0.2
0.2
0
0
0
0
0
0
0
0
0
0
0
0
0
0
0
0
0
0
0
0.2
0
0
0
0
11.8
1.3
0.9
24.7
4.6
0.4
1.6
1.5
0
0
0
8.2
1.3
0
0
3.9
4.8
0.2
1.8
10.2
8.5
0
0
0
0
0
8.7
5
26
28
47.6
11.8
0
0.9
5
1.1
2.6
15.9
15.6
0.1
8.7
0.1
20.6
1.2
8.4
3.6
1.5
0.7
0.1
1.1
7.8
0
3
0.5
6.4
0
1.8
0.4
18.4
4
1.9
5.3
3.9
0.2
0.7
0
0.5
25.2
8.1
9.6
0.9
1.6
55.6
41.7
15.1
0.7
0.6
0.2
0.4
2.9
0
0
1.9
4
10.8
3.6
10.9
6.7
7.8
0.1
13.3
0
0
0.1
0.4
53.5
20.5
6.8
1.6
0.2
2.2
0.1
5.7
0.2
0.1
23.9
0.5
31.4
15.6
1.2
0.8
0.9
0.2
1.4
0.1
12.9
50.9
0.2
40
1.6
0
0
13.7
5.8
15.6
6.6
0
1.4
0
4.8
27.3
14.6
0
0.6
0
0
0.1
0
0.8
0
0
0.2
0.1
0.8
14.4
0.8
0
0
0
0
0
14
0
0
0
0
0.4
0
0
12.4
0.1
0.5
0.5
0
0.4
0.6
0.4
0.5
12.2
7.3
5.8
0.6
0
0
0.2
4.1
4.9
2
3.3
0.2
0.1
0.1
0.5
0.4
0.5
0
0
0.7
0.2
0
0
0.4
1.1
0
0
0.2
0.4
0.1
0
0.1
0.9
0.5
1.6
0.5
4.9
0.9
7.4
0
0
0
0
21.1
4.6
0
3.7
7.4
9.9
0.6
0
3.3
0
0
0
0
1.3
0.2
0
0
0.5
0.7
0
8.8
0
0
3.9
11
16.2
21.7
1.3
4.6
11.8
0.2
0
0
0.3
1.8
0
3.8
0.8
4.9
10.8
10
2.4
1.5
0.5
1.7
1.4
2.2
2.4
3.9
2.3
5.5
3.5
1.7
5.6
2.8
5.3
8.9
0.9
2.2
1.7
5.2
14.2
8.8
14.1
2.6
4.7
4.3
10.8
4.3
27.3
2.2
0.2
0.3
0.4
9.4
2.6
0.4
0.3
0.5
5.2
5.3
4.9
10.1
5
10.6
5.3
4.3
1
0.9
2.1
0.5
0.6
1
1.3
0.9
1.2
1.3
1.4
1.2
1.2
3.1
2.7
1.2
0.6
3.3
1.2
1
0.8
0.6
0.3
0
0
0
0
0
0.1
0.6
0.9
3.1
4.4
1
16.3
2
1.3
0.6
1.2
0.5
0.6
0.6
0.3
0.8
0.2
0.1
0
0
0
0
0
0
0
0.2
0.1
0
0.2
0.2
0
0.2
0
4.8
12.5
2.5
0.8
0
0
0.7
0.2
0.2
0
0
0
0
0.5
0.2
0.2
1.2
0.8
15.2
0.4
0.8
0.5
0
0.2
0.2
0.6
0.5
0.3
0.3
1
2.7
18.6
0.4
0.9
0.2
0.3
1
0.3
0.1
0.5
0.3
0.5
0.3
0.2
0.4
0.7
0
0.3
0.3
0
0.3
0.6
5.3
0.2
0
0
2.9
1.2
0.6
0.3
0.2
8.3
12.5
14.3
12
0.5
0.1
0.1
0
0.2
11.2
6.3
0.6
9.5
0
0.3
0.5
0.1
0.1
0
3.3
0
0.4
0
0
0.1
2.2
0
0.1
1
16.6
0.7
0.3
0
0.1
0.1
7.9
2.1
13.1
2.1
0
0.6
1.1
2.4
14.9
0.1
4.1
1.1
0
0
0
0
0.1
0
0
0.1
2.8
10.5
0
0
0
0.3
0
0
0
25.7
3.8
2.1
0
0.2
0
0.2
0.2
0
0
0
0.3
0
2.3
0.2
0
0
0.3
0
0
0
0
0
0
5.5
0
0
0.7
3.2
6.4
32
9.6
24.1
0
11.1
4.1
0
2
6.6
0.6
9.7
8.9
0.4
0
14.9
14.5
18.9
6.6
0
0.1
0.1
1.7
0
0
7
3
2
10.9
0
0.1
0
3.3
8.4
2.2
6.9
0
1.4
10.4
2.6
0.5
0.3
1.3
0.8
0.2
0.8
0
4.3
37.8
1.6
0
0
0
0.8
0.5
0.1
0.1
0
0
0.1
0.6
0
0.1
0
3.2
0
1.7
0.3
0
0.9
0
0
2.4
0
0
0
1
0.7
0
0
0
0
0
0.2
0
0.1
0
0.1
0.1
0
0
0.3
8.1
1.4
0
1.6
21.9
3.1
2
0.1
0
13.5
2.5
0
0
5.1
8.9
1.7
0.7
3.7
0.5
0.1
0
0
12.2
0
3
0
0.3
0
0
0
0
0
0
0.1
0
0.1
0
0
0.1
0.8
0.2
3.6
0.5
0
0.2
0
0
5.1
2.8
8.2
0
9.9
0.3
3.4
12.6
0
0.4
0
0
0
0
0
2.2
0
0
0.3
0.1
0.2
0
1.2
0.3
0.3
0.5
2
0.6
0
0.2
4.9
6.5
16.5
0.2
5.9
1.6
0
0.2
0.2
0.1
0
0
0
0
0
0
0
0.1
1.4
0
0.4
0.2
0.1
0.1
0
0
0
0
0
0
0
0
6.1
0.3
4
0
4
0.4
0.4
0.5
0
8.5
18.1
2.6
2.6
0
1.5
0
3.6
0
0
0
0.2
5
0.3
1.8
12.7
0.1
0.3
0.2
0
2.9
1.1
0
0.2
14.4
4.6
5.5
9.1
0
18
0.1
0
2.7
0.7
1.1
0.2
0.3
0
0
0.2
0
0.9
0.2
0.3
2.7
4.1
0.5
0.3
0.4
2.7
20
5.8
0.1
0.3
0.5
0.8
0.1
0.4
0.3
0.1
0
0
15
6.6
1.8
0.7
0
0
0
0
4.2
8.3
0
0.6
4.5
0.6
0.3
1.9
1.9
0
0
0
0
0
0.8
3.8
6.9
2.7
0
5.9
0
0
18.1
0.2
0.1
2.4
0.1
0
0
1.3
0
0
0
0
0
0
0.1
0
0
0
0
0
11
39.8
37.2
5.9
0
0
0
0
22.9
19.5
0.5
0
0
0
2
0
0.5
0
0.1
10.8
0.4
22.8
34.9
8.9
16.8
0
0.1
0
0.7
7.5
0
12.4
0
0
0
0
0
0
0
0
0
0
0.5
0.1
0
0
0.9
0
0
1.3
0.1
0.3
0.8
0.3
0.1
0.3
0.4
1
3.6
1.1
0.5
1.2
0.1
0.8
0.6
1.7
1.3
2.5
0.4
0.4
0.5
1.2
0.9
1.6
14
8.3
7.7
1.1
0.9
1
5.5
1
0.1
0.1
12.4
2.2
0
0
0
0
0
0.3
0
0
0
2.3
4.8
0.3
0
0
0
0
0
0
0.1
0
3.2
0.1
1
0
0
0
0
0
1.2
2.3
0
0.5
0
0
2.1
0.5
2.6
0
0
4.3
0.5
1.2
16.9


